15293769788
378913710500
762044671966
52594740695
727387368827
172174743833
345883584448
757055611602
96139126456
18083758220
583592676724
568222840338
697620136103
40011435862
269827014714
195639402081
549134705181
6067797921
81801133296
242582934538
448393002354
589194486295
624334865356
166475306333
520528736319
242737581389
229550809462
534584589640
479669543947
591869544518
306152884633
442844146437
8943956491
666438758372
103430338788
185048626811
661511231490
625560306813
369476315310
46711371664
540804685562
363954605641
564578199360
495369592680
585767489406
451965613115
231574272985
205170395754
97618002766
90411134706
8141565360
214715405044
228308328967
416652825713
574419088114
40487433879
384136734218
201104722216
575878985043
409896304140
373258392229
391724018093
430626694075
289521235540
123758251403
495199528001
239320196687
306187244297
169447040922
299224317062
326660570476
645870100373
783025742984
350969781731
177012725845
307736032396
89189475080
348551615554
164033189423
49407223296
518983959491
170797150264
491585093130
46241043138
438516527572
896609955812
193667814440
51860839628
26977692030
423787988512
62781627393
229567256623
355612882267
73137805289
526747576619
283383014013
11788631598
428039506340
141547136853
407849955829
246338707909
375693090796
13395592487
570080996315
108608836047
151386155638
691615578860
6506854544
261102086119
119177779049
47873651451
440317938904
394876662453
555718586736
301782856848
65634099340
356308574441
299921660895
2618533735
332935991262
531463690869
640287170647
232684175005
236853489737
300616464543
132615908439
768470775385
135922015422
427970069164
667549988258
149412636550
286997236630
307219479003
545855135930
328994042676
539330954247
333401828782
369774191916
517877920447
126333350839
341195528567
235089980190
213620057375
19562761371
260314304234
356903600866
279626399056
575481567714
696422288455
404030269129
438711534292
363875684159
486274196777
235587704599
422913208977
711407815391
47622915512
572801398812
168251252855
272175644601
362533887369
428123310145
31935485493
327751149046
300854340155
251457376193
131789477791
405506296912
412513339383
143170501268
909892997907
511072660407
450726922488
98578099113
477215081198
368129153855
490450636727
65652685535
874100969927
241303095934
236703376816
410517031056
342765580188
725128902083
109894195646
649578767416
169698371297
511323334717
522643753037
179575188056
479033275790
40618599126
48399235193
544585390923
191504287150
108378191001
333638351348
859817446039
21608630847
128091272299
303645105705
391727562629
241744543481
628524331288
305569267940
22784472957
239224332846
558082622445
510315365670
101299560146
676025036488
482856926345
127916230710
63782930850
661135883655
601393430697
619999037901
423782581216
162803885806
117417946153
247571636925
551510401486
181999565442
183116122158
604741354022
211064840364
521594094518
571547883676
295700030379
510489064437
251378075734
623561145093
152586021889
14745985802
664279154246
198862964337
336439346434
647435584541
798680788367
584283269862
62299595392
587344066193
287748473778
51353496726
498592027865
306538137123
35231121436
618582631647
755322381999
383594187046
203532314131
573647991678
218598969281
158263325614
282485134954
20830078782
353326595905
568372839120
253950815607
160114208300
600208255528
97931567949
345466674182
669278966595
262271784538
513130187691
666527011004
407632500304
546076337181
108877770334
477097931063
368070586577
262498019515
357480329042
189535974112
44047565884
131560866244
197633872078
70623140240
347632776257
66656404640
106525036899
263529522149
12748584945
182690033848
82881677806
201527388592
657123101749
78964295759
624617118612
315425067202
135521709707
462885847572
141543386877
530523035111
96775833585
211775982519
368906241806
198699221625
416444787717
220499194963
153404785722
10485973260
164637076141
488622531339
340670454011
138163832308
358369052596
46387392066
91949009792
690504174371
634648531503
413313463487
132432411894
231490583573
296750654265
680694812842
422134323052
265209361776
339419196824
599691470726
307687028533
62398055286
94101480724
71866946223
472431689222
525157950074
242394083287
6910420422
553650718330
70042919953
381295297690
67747829760
438780490488
707540851512
329251722796
454831771033
180240190426
508049222602
462452162008
190800147494
146884641636
341845279963
214636396420
434167752697
215067176030
360282739960
42003599734
166245019598
688090408977
666243763517
618771704466
16751516759
465190154173
173577208399
459748546383
155378866157
681765471812
201490098656
76773185001
354404978892
607826567974
51542007903
225867460723
810812186151
284903406288
484087376137
33531947112
123774374916
622937789446
388036843656
136635160900
95663997860
113368772328
24822720226
577805604666
542408265897
215545120794
118879469747
3169122063
6377255587
745908142220
280403153470
267303066620
494054965058
117233032235
591139778819
92751786723
249861210430
406010995869
355941323010
735496221691
192052900677
128084016413
716272320321
267224712191
213954792409
394234977770
452761809258
713588913308
1910881591
745787248633
618902003598
324585558334
305171907560
310305606342
450086208318
65916088278
129572894089
366276493361
578527103115
254597206526
660820360605
35173016186
130597995936
192234665957
710334778800
602778053914
214235593676
54861503114
196601475652
713322575635
414828744912
335747537623
677013225476
165510870579
702867850763
480204709473
199651963513
542017401211
114576841029
165827804335
63016559480
223785557289
390512387764
517009386352
138906938507
269804781075
423523762324
618507730094
164880659699
166427640706
123465905287
396858780005
168866426133
560659188044
510301434759
617072290612
272065331853
227363217447
164956760223
83406338177
379549899713
752170038511
222305247447
290980438174
87053617489
135969486694
340491779862
16332779675
378114415762
97826384420
16592962916
490613026507
194325021435
340286696709
488701682475
738838280587
696135675490
20376480639
62987313799
230563188695
27652973274
243129828014
158775665680
84529042269
51305384608
46786697175
766153137624
123987850661
717918199598
175854635117
379984346113
485092391741
105366173625
194670587803
108743980018
347698329155
97317681267
314425086030
165387367158
168456623114
117771967624
83881528019
94504035224
150593001180
326864585221
197685978544
635565880114
111407258877
182506845808
227548458286
682327196965
275903826762
126738469308
360744237019
186450774286
390751886130
570452704707
52578611412
372441777221
542690874363
419204865042
587369152712
298494737714
87687490560
556580983552
104019092575
145901663827
417162601105
221731146536
53363791562
129019960794
324296342176
163232999396
651635990032
67638328849
642967090898
294670800853
409125936630
396895706143
170188896622
26830732495
253862398165
445687102516
73936276355
199023979867
134638097661
67265971052
254266525318
231555975445
186622866151
20514287130
247277531223
188997875091
591529233702
11069616066
235950716690
653926674100
78649316712
70195371197
834130116265
83638782956
259694589840
212849920427
216156666426
4292791465
221958373162
216079905949
384948761109
151449951938
451840684326
649867531513
75140900945
226371221198
397599302596
301783102327
369156989988
263608717846
112222034599
105849617254
189848194006
654022122474
53187135069
634911059636
431363289443
408072570273
588252563237
57362839571
606952129073
156914165984
185222706943
28957609598
313058806320
405807208197
519833604019
149443288566
534881119251
16382062450
4893842911
33268591617
19507314985
206031014358
10455763251
175876679433
198204996294
586758591010
122490849585
444513312409
600170780178
77796886164
69235769491
808496606778
471778698363
255254834401
103287509792
317752104649
780223799863
188010493504
95903697361
316410970835
195304223075
379335571772
433577019257
38033477783
111322606282
586228088755
23883074316
205746343559
30777678687
69145577991