1456
297
750
43
1531
370
906
1339
81
384
1520
1682
7
115
194
725
416
1210
468
268
847
182
953
1248
284
843
347
75
864
1645
87
967
562
835
758
1226
394
632
2
275
546
1317
1681
1425
1158
1265
771
996
242
973
699
854
1131
1672
83
478
1277
844
1581
68
382
1305
1028
86
67
1443
521
1012
408
1134
440
113
575
870
479
616
1237
80
209
222
106
959
893
1503
1469
1328
654
276
446
1326
1104
1456
963
1349
1369
1000
622
1096
381
819
548
1464
121
1505
924
1083
492
980
11
560
348
1221
646
486
1214
94
1229
59
1081
878
762
1710
284
592
745
460
967
183
987
720
151
1608
1265
267
721
1305
1319
1228
1124
1062
760
1238
1190
474
1297
327
84
1552
916
942
53
1324
1366
928
576
451
1096
1005
636
57
331
1184
1413
524
210
1107
192
860
64
89
1540
744
903
598
15
1577
1151
224
549
546
1614
1005
1049
1234
35
60
795
643
556
1429
846
1110
1214
1522
1240
988
432
337
506
1162
335
1558
204
642
1084
538
209
1288
609
47
125
910
1225
1258
262
788
1077
140
247
661
1551
134
441
1375
936
565
574
436
871
1444
500
1160
546
1189
1066
1564
687
706
476
1386
1022
857
105
542
942
551
1480
661
1159
1289
88
583
29
430
923
1098
1096
243
1265
109
714
798
22
1355
290
264
865
748
1662
454
1368
1261
1050
742
988
63
1000
1478
1732
630
1486
912
1309
451
1430
1162
749
1331
1448
1568
1025
929
1125
136
10
458
572
31
1067
396
1396
119
205
1677
738
578
421
1326
1379
884
1327
1429
1525
440
1717
1586
104
1068
1214
560
1053
424
745
433
767
356
993
611
189
1437
263
1098
480
399
1141
1113
1013
1166
34
531
1620
1107
810
946
615
420
1280
1094
1465
770
1050
791
77
1169
343
184
651
12
278
1623
216
50
976
763
642
889
259
965
1102
466
1281
1464
1347
1078
1575
241
459
648
1405
1322
816
1347
1562
640
348
278
33
1368
871
639
1325
677
716
347
877
534
47
964
1516
1291
94
787
1017
1173
963
51
1338
689
1015
607
1579
487
365
711
1512
1556
842
82
1363
956
1248
590
1606
465
230
1509
1596
1557
1129
359
1541
874
219
1115
407
941
93
975
394
171
1381
1367
433
513
1301
550
1261
1331
449
458
324
1072
433
1198
1009
275
1333
1017
468
886
771
579
486
1420
657
1046
889
1340
1162
42
1349
774
1356
549
246
1539
689
67
1724
751
446
651
230
978
1008
1406
1000
1361
1251
384
1308
207
462
782
1115
1580
1561
902
923
450
1039
426
315
1168
8
1438
763
795
760
1586
1436
139
1656
406
474
470
1065
1237
1348
290
1280
1519
285
1474
1573
693
532
837
1626
728
1460
748
1341
1405
218
39
297
1483
794
646
918
423
1336
917
1586
1312
495
1404
55
418
1495
1575
397
1142
1314
1096
1250
1316
148
1364
28
1504
133
1430
707
351
348
129
868
227
1221
1234
391
1309
1548
717
888
1627
298
849
1452
223
121
1068
1055
745
1302
1320
1226
268
1377
234
454
987
755
948
467
1076
873
339
271
918
1083
34
441
1046
1674
239
914
693
1545
670
1240
981
465
566
389
1481
874
600
297
395
412
774
1083
1691
1226
1331
215
684
593
1025
397
1571
795
423
88
66
446
882
299
501
1034
1138
1526
1124
169
1391
1034
800
777
156
31
1276
742
368
852
1018
1150
1649
1717
544
462
119
208
98
1476
1684
20
1667
1329
696
1426
1311
903
127
929
253
302
896
115
619
1459
203
1471
1403
599
644
1333
481
807
1395
364
774
1537
32
1292
1179
756
1215
1382
1609
90
897
93
838
406
688
971
501
1465
483
899
642
992
1503
276
1371
1052
1323
1087
815
1455
1007
324
1416
1162
1623
392
1237
1406
1388
563
132
30
310
1228
935
1080
1142
270
155
129
1448
884
1285
1424
1268
282
15
1494
412
448
36
945
546
1528
346
1201
1055
1072
188
1226
37
1630
276
398
24
1407
1011
1398
994
593
1462
1333
769
912
1368
1501
306
948
1198
910
259
678
114
532
701
406
1601
287
784
1154
1173
129
429
1147
1572
402
1386
1285
1257
283
971
1529
1454
201
1188
493
1623
323
401
1641
1110
77
983
620
1743
471
1561
458
1458
363
602
1415
341
72
174
1513
768
876
79
714
730
255
426
970
1485
1513
1391
1605
464
1368
1098
533
59
1345
936
737
608
417
892
270
892
459
493
23
1589
334
328
300
1259
336
73
983
32
1199
1438
772
1434
1554
1556
1115
1554
1414
279
1598
505
446
669
1431
1045
1422
420
361
1138
13
739
330
1535
1448
455
648
284
565
277
515
575
158
60
1442
255
1411
837
1567
469
938
359
1390
150
104
302
1364
358
1349
1271
64
427
538
148
97
1629
407
1603
1385
121
322
278
235
1114
1517
1396
1175
387
817
920
917
1638
220
913
957
582
1239
1157
672
1221
1529
177
1042
714
606
803
565
853
1407
365
611
1203
1440
585
911
1451
507
1182
1107
814
269
930
1546
247
524
668
131
277
44
462
1598
1193
402
948
1235
1344
1567
289
124
130
1192
378
561
795
1062
1262
810
1721
651
1418
1036
1663
414
1177
733
1300
1276
1034
1424
771
1034
1229
200
875
604
1252
383
263
275
783
325
258
825
483
544
1354
66
751
511
743
1431
798
886
116
523
195
1136
784
58
91
277
374
1330
21
1152
458
1064
243
1406
1114
708
874
657
1089
139
648
1571
1510
752
617
944
47
406
652
1675
1555
381
909
427
51
372
1353
646
1205
396
1452
1433
304
256
320
986
1511
103
1528
814
1627
423
745
1324
1550
203
345
50
1456
661
1137
1338
459
574
1197
906
659
96
917
567
1202
301
908
1014
951
1164
1146
867
352
885
923
502
90
422
72
507
108
620
1351
208
834
1551
1590
655
127
690
1156
351
1212
1266
871
276
477
1049
1301
266
20
720
1457
1591
495
1061
1511
302
900
474
797
1088
791
1531
351
1327
1215
1119
418
792
789
659
987
1102
1235
1209
267
1334
202
448
549
1580
1175
682
213
1018
513
1391
299
673
596
1382
1647
1567
1433
251
963
1519
795
70
237
1528
287
1281
1492
1469
554
1534
1425
524
606
709
1449
852
1623
694
1378
726
793
999
411
1724
441
521
772
1252
1360
1612
1298
176
417
15
1088
1132
564
1197
269
1418
1108
1539
982
1297
507
1277
151
1420
292
1274
1038
1594
1361
49
791
1378
72
1249
1003
1400
235
352
500
692
1674
775
844
365
424
1121
684
721
1689
1137
880
595
665
1562
1435
643
661
1013
1009
1314
1362
1388
1246
285
1134
1298
923
1102