580
157
58
368
261
399
499
83
233
73
135
248
539
358
316
152
589
570
201
428
76
574
528
38
92
437
153
117
99
170
84
451
226
290
65
406
149
277
188
398
114
623
462
298
536
547
129
642
257
467
45
166
139
397
371
513
262
311
413
423
302
161
115
399
528
79
629
353
24
13
166
583
137
231
424
176
213
200
686
580
621
47
246
472
437
614
220
211
546
557
62
241
395
40
359
614
375
317
581
436
235
136
664
248
60
235
647
389
525
181
622
131
417
427
278
238
311
419
155
477
103
166
186
398
432
19
310
35
678
205
439
367
265
476
226
384
378
396
628
343
356
19
625
433
24
627
477
564
136
261
100
638
533
395
133
525
197
94
471
284
217
72
445
244
68
317
361
350
389
215
200
434
514
660
348
265
230
108
235
127
589
285
223
247
13
60
637
104
413
89
667
20
578
252
682
391
289
529
24
322
656
155
228
326
147
696
125
190
163
166
339
411
31
214
297
123
563
208
68
501
466
503
338
143
388
39
617
615
115
733
113
452
468
599
89
643
114
66
131
40
381
629
301
285
112
388
388
548
389
364
456
570
196
510
651
113
119
95
277
143
213
666
330
265
80
407
28
596
648
257
29
25
349
82
466
159
392
678
648
601
448
519
373
264
519
236
281
445
169
302
337
161
117
462
148
305
597
344
155
670
620
57
6
353
318
606
373
143
415
586
96
177
155
613
294
16
349
317
400
320
16
213
183
265
50
341
554
368
241
296
355
29
158
481
606
475
111
320
342
113
239
633
658
294
592
113
304
335
81
218
562
144
169
642
16
0
198
566
539
382
675
214
566
523
600
13
277
358
286
116
394
285
34
194
221
350
190
345
517
619
274
326
658
189
6
309
537
276
223
633
118
480
575
344
151
96
53
363
429
163
118
318
274
507
407
71
217
396
546
606
63
20
202
456
629
54
530
446
407
207
8
441
639
442
625
152
23
487
443
138
253
47
4
4
10
190
690
721
217
534
209
525
593
260
385
490
27
230
269
195
626
89
372
564
5
52
644
118
424
480
300
81
77
398
691
380
649
185
634
163
133
449
452
450
42
449
615
3
408
249
646
288
298
114
373
190
203
349
152
610
565
198
611
214
191
637
431
524
339
337
375
122
214
460
655
123
84
123
239
415
423
648
38
250
393
90
190
639
234
106
343
68
323
183
669
73
192
592
358
157
516
418
285
315
304
358
493
559
96
535
686
119
436
211
404
7
373
500
154
235
641
488
190
209
200
577
413
271
572
330
527
292
540
407
407
142
305
634
536
341
140
319
495
42
610
184
460
521
378
395
698
317
68
490
449
346
159
335
475
0
614
82
280
242
599
165
115
362
572
490
580
330
212
259
151
480
548
46
458
369
161
174
663
631
599
21
269
607
266
9
492
369
266
536
374
191
249
211
174
302
256
480
104
212
229
481
572
405
255
283
637
424
445
328
459
153
490
247
519
473
422
147
86
89
375
82
405
366
317
384
448
472
68
207
205
457
166
580
658
376
548
438
143
110
53
560
648
208
532
30
228
285
156
191
444
634
295
143
36
260
295
335
283
608
592
580
587
501
388
477
425
319
299
519
609
402
325
53
374
735
581
644
480
329
157
396
373
275
57
459
485
382
565
65
355
35
662
167
581
237
319
60
506
454
53
530
65
72
262
643
136
333
220
348
388
254
448
402
220
61
417
738
517
100
147
313
505
416
455
109
212
589
636
31
277
476
156
491
558
91
604
51
364
104
617
355
638
32
536
402
192
104
397
519
569
640
617
629
431
116
367
419
310
35
302
282
628
352
134
459
315
290
274
324
250
115
572
419
414
27
503
293
390
137
118
63
360
495
138
481
503
385
250
324
286
613
91
98
670
243
4
329
300
552
418
394
362
607
572
563
20
460
582
133
225
678
476
639
335
333
410
408
194
256
295
260
105
490
462
20
355
264
446
134
659
208
307
677
171
280
226
442
443
249
399
397
356
290
221
637
141
551
559
54
654
224
315
555
384
19
551
107
45
339
584
445
576
64
197
6
377
692
394
289
40
345
315
572
150
314
481
584
12
468
274
746
572
348
436
580
616
78
356
156
568
264
184
303
124
634
309
331
139
128
326
60
236
682
17
635
54
273
546
73
241
423
105
530
638
143
512
270
262
473
78
516
263
50
133
456
55
589
587
172
148
83
497
268
72
511
33
641
514
605
403
114
273
499
553
42
509
552
249
447
155
107
299
449
322
320
586
46
466
85
369
497
265
512
548
256
409
29
488
606
540
575
629
337
165
103
488
58
593
424
418
570
622
151
606
140
523
427
23
385
523
409
64
622
188
21
665
323
528
402
202
536
410
343
430
61
555
306
34
20
281
355
322
612
329
58
272
630
153
8
291
406
317
626
352
411
92
600
106
256
218
195
274
307
16
462
538
373
233
129
292
372
164
637
312
314
572
385
595
326
482
651
173
611
348
380
642
415
510
445
420
470
50
498
386
231
113
90
510
132
164
619
78
429
296
497
510
548
529
33
515
567
110
195
635
215
482
377
51
4
294
405
187
624
434
324
566
43
404
163
438
34
641
530
427
175
361
426
325
158
425
506
33
422
325
416
113
224
551
410
476
191
490
251
6
354
6
445
522
555
368
8
616
668
613
608
449
51
408
536
228
478
618
53
269
322
470
274
190
215
396
273
69
348
595
265
132
266
163
48
488
598
219
77
472
166
73
535
342
320
37
101
471
557
494
460
238
492
92
393
366
116
151
217
685
320
652
212
513
623
184
277
315
234
535
73
263
230
592
331
472
706
14
318
570
629
241
427
75
117
281
271
357
544
291
563
469
217
0
239
471
122
345
326
581
141
103
536
427
524
129
453
378
218
475
200
193
155
399
219
84
427
144
357
249
598
656
691
64
67
355
552
507
432
337
201
635
377
463
7
461
5
585
428
15
80
510
239
174
630
495
369
557
130
99
166
219
81
279
22
253
141
609
291
417
340
512
597
361
525
449
140
25
666
389
62
85
72
487
590
482
514
595
690
551
145
13
48
441
160
598
551
385
485
31
398
58
403
76
597
38
362
358
96
426
688
602
535
431
330
226
507
97
339
79
205
273
35
553
392
202
531
177
96
650
496
487
276
350
314
154
385
4
645
173
275
460
543
98
1
128
239
644
52
114
86
94
338
71
169
391
376
392
553
52
14
636
9
651
427
156
574
147
611
505
98
208
148
201
189
69
347
541
535
544
290
674
519
110
278
450
16
275
606
608
217
44
70
93
351
180
652
293
415
317
195
485
522
29
409
498
16
208
663
484
410
662
134
177
582
407
237
69
162
23
6
216
333
150
282
272
19
535
386
222
128
150
92
23
48
26
599
243
457
55
122
369
186
487
316
42
193
621
261
125
121
97
468
58
56
589
676
564
286
3
442
172
361
68
584
113
237
291
159
397
378
156
591
126
253
280
368
279
92
623
434
341
611
78
133
4
577
309
502
485
61
69
16
7
571
307
10
687
36
547
254
602
395
374
213
422
245
415
468
51
377
551
207
305
257
273
449
378
156
191
114
212
662
445
300
385
520
401
69
83
351
681
385
99
170
179
32
377
172
8
350
636
67
471
121
422
483
413
517
335
90
385
270
75
604
604
109
395
3
522
283
268
186
459
55
404
367
636
486
590
92
339
331
574
223
666
480
561
89
377
214
410
570
53
578
192
437
81
570
482
617
274
474
238
516
150
446
60
544
543
458
297
421
242
445
246
337
567
506
554
165
231
319
366
602
463
40
49
296
134
498
253
108
218
583
147
455
607
11
527
318
237
165
593
476
300
389
180
431
11
662
473
43
523
207
165
634
631
383
343
626
375
450
286
513
240
166
682
213
433
403
694
393
443
607
133
153
511
649
322
23
275
79
604
625
425
529
113
432
230
445
100
459
330
578
113
371
523
231
441
284
715
206
672
106
115
14
619
185
387
142
709
275
637
125
478
358
94
177
384
187
568
80
136
413
503
305
427
476
362
597
59
336
323
92
367
679
383
128
306
135
171
373
36
585
447
108
391
85
412
126
451
362
377
122
152
563
418
513
566
185
230
554
171
183
67
360
481
425
352
199
135
526
510
57
299
348
252
395
528
140
182
124
113
63
170
81
666
196
506
481
182
142
431
578
81
322
295
413
419
376
253
585
547
287
633
450
212
166
475
98
17
242
124
381
261
643
549
293
626
286
205
676
324
318
430
344
190
191
235
484
263
625
570
108
599
333
149
505
319
501
372
471
711
329
420
243
372
529
580
277
594
380
16
520
582
84
2
228
493
521
182
116
21
374
247
241
348
302
77
78
597
477
476
32
179
362
484
512
55
549
647
153
390
341
338
76
249
230
632
310
459
37
27
30
67
297
364
530
194
172
420
608
613
383
554
281
70
669
159
585
308
405
616
239
568
116
295
483
6
497
88
252
416
93
262
275
45
304
505
268
87
651
498
660
12
151
238
86
522
286
124
542
332
70
346
501
70
144
484
6
207
134
678
208
545
514
652
595
34
345
446
121
257
388
89
485
335
79
66
611
343
18
387
635
495
396
160
431
41
383
184
221
62
32
285
1
69
433
40
277
648
52
394
84
318
377
284
368
497
440
551
618
534
557
99
431
239
203
529
236
597
313
145
217
493
418
9
403
267
526
184
26
249
440
660
385
563
332
330
391
12
181
21
429
338
64
220
432
298
211
284
610
72
207
169
100
12
52
474
183
408
118
181
415
390
278
87
616
568
135
553
397
588
411
280
289
87
83
614
107
555
600
591
189
388
371
140
354
148
497
140
349
151
104
113
250
628
391
266
358
555
493
599
403
535
436
539
399
560
288
402
5
618
524
75
544
105
107
391
258
204
633
380
46
323
34
114
441
447
519
266
60
165
394
236
587
256
652
231
341
47
327
424
250
357
333
302
522
180
291
32
301
17
362
670
343
533
318
529
219
310
621
355
8
72
47
545
22
416
397
615
28
593
76
278
456
569
521
567
8
484
195
222
167
233
389
478
86
24
487
501
289
495
489
222
652
636
449
440
22
589
50
50
232
27
401
668
227
347
482
208
309
450
424
538
264
621
176
564
404
459
579
383
435
410
581
513
285
577
430
54
333
673
677
557
523
156
129
118
330
358
662
350
260
328
560
587
13
46
504
410
678
620
356
175
608
605
347
37
387
208
5
680
439
538
261
144
448
95
155
132
493
616
248
199
472
272
8
569
605
449
403
23
288
599
566
254
259
557
622
219
517
258
222
413
660
449
449
551
260
392
296
31
480
155
480
180
241
106
153
363
269
238
697
578
383
562
396
430
489
485
389
34
592
618
45
290
102
165
227
224
648
0
607
634
628
231
332
448
315
370
547
190
216
478
381
265
332
515
506
107
237
392
523
424
17
37
632
432
284
248
529
66
417
203
95
282
295
408
239
253
313
634
429
472
28
390
548
146
229
325
501
0
130
340
608
639
625
284
461
404
365
597
616
35
351
677
413
187
423
366
201
189
112
337
306
406
556
222
553
449
308
451
634
448
398
113
550
329
577
353
100
239
244
664
45
43
282
411
585
469
209
439
411
576
49
185
617
10
126
540
124
109
596
345
664
380
574
31
74
97
13
223
58
524
73
529
709
179
388
213
491
183
40
482
346
189
58
375
36
279
343
299
413
41
432
455
493
247
619
89
401
541
25
560
418
675
433
536
317
617
239
413
104
586
136
607
299
483
384
534
475
10
128
166
478
610
77
231
453
369
496
465
164
2
551
605
574
426
584
88
573
660
449
114
70
30
577
419
543
261
139
174
305
528
459
285
561
656
420
521
74
85
631
85
489
164
340
590
558
231
572
388
225
226
523
144
450
579
581
378
336
242
539
551
412
352
245
301
213
601
609
521
253
318
390
243
384
579
231
28
285
664
270
636
234
334
281
300
309
46
118
264
368
235
596
432
36
452
22
400
641
531
145
270
207
296
140
276
399
172
361
300
242
59
478
290
183
684
511
482
500
184
425
92
545
640
172
439
353
468
543
351
270
385
319
211
199
356
526
425
469
52
233
682
692
67
382
231
97
15
206
192
105
355
43
332
78
257
512
342
237
124
171
487
417
253
326
664
116
138
444
98
335
358
100
163
367
668
45
247
33
103
660
36
228
553
673
434
580
504
1
116
354
44
36
619
540
480
305
111
618
588
81
28
160
644
415
523
48
92
430
294
332
403
592
337
501
252
51
309
635
501
458
197
321
414
454
85
3
600
591
451
453
70
473
144
387
319
629
52
414
513
548
40
634
145
203
422
488
150
323
120
607
455
584
561
20
253
107
0
254
54
619
576
26
541
278
613
422
160
531
482
357
78
430
347
354
675
113
317
239
318
563
4
555
484
192
466
668
547
293
391
531
23
567
649
466
265
307
44
689
410
333
95
514
420
142
483
598
96
83
433
301
86
664
289
638
521
383
449
362
243
572
513
476
503
504
220
212
249
565
479
510
6
343
503
518
92
138
27
170
583
289
33
266
634
229
621
264
580
684
326
351
603
666
41
198
561
354
115
164
312
435
436
401
295
84
324
185
60
465
280
308
309
7
77
376
541
31
264
67
347
336
315
504
303
598
14
593
442
604
401
347
141
133
228
354
120
291
486
652
246
610
207
86
280
391
270
0
388
221
440
226
498
261
656
348
427
401
19
177
145
461
75
163
174
683
104
452
221
527
38
377
710
283
306
363
390
76
170
492
209
207
459
115
157
96
453
41
191
555
185
313
21
111
50
299
469
436
476
277
112
158
635
733
563
25
536
179
74
155
150
478
400
256
623
104
108
590
470
17
208
389
181
249
261
214
3
23
194
417
81
523
586
658
364
794
100
501
250
385
200
616
561
305
37
270
412
124
78
177
249
436
491
530
295
65
267
527
145
41
238
255
365
542
399
224
234
633
189
600
8
226
107
511
506
641
548
201
333
74
566
327
117
284
644
584
522
418
235
534
257
548
581
479
466
453
13
168
41
72
314
385
77
344
182
384
290
142
231
144
514
12
412
538
316
60
297
476
355
459
177
237
658
540
225
105
466
101
509
579
561
168
183
514
416
126
370
10
491
588
362
439
576
47
463
607
382
616
434
39
152
610
139
415
194
100
92
232
340
616
705
217
640
610
543
57
101
99
213
443
597
587
615
136
431
209
501
309
339
36
101
278
648
366
634
379
353
623
52
407
502
140
299
32
422
84
164
576
342
237
623
486
266
268
581
149
278
448
440
259
211
223
461
385
127
239
334
383
247
510
28
418
480
320
330
357
252
331
486
156
144
342
463
224
510
137
375
208
33
124
164
529
18
591
324
458
659
375
566
654
223
102
565
317
642
135
40
201
421
3
241
237
529
598
42
248
519
394
187
302
82
652
655
537
403
290
94
170
289
505
4
626
526
262
436
4
215
72
418
343
197
324
346
85
637
508
113
482
241
545
121
41
646
234
279
122
501
684
53
40
129
417
305
624
407
336
389
379
463
485
146
343
573
37
662
478
433
293
89
348
550
489
565
570
273
69
361
208
284
16
149
249
44
11
317
358
182
505
239
286
648
28
557
3
179
173
494
470
348
607
649
371
605
586
422
417
377
210
137
395
293
270
427
299
248
416
372
570
421
462
589
602
302
354
398
523
391
528
607
242
321
294
330
548
315
184
111
446
518
590
561
578
335
302
495
9
668
479
361
342
388
305
133
172
759
616
175
602
710
152
85
557
476
217
420
477
17
400
169
629
250
139
127
176
139
660
64