1541
20
128
1035
770
1680
151
217
602
593
968
835
1411
159
140
885
1663
240
733
36
1373
685
294
1345
1494
958
1587
944
1068
1235
781
24
1553
1022
765
217
1438
442
839
1272
1288
255
259
1653
960
1401
1026
241
1062
1014
1224
214
717
834
1329
438
1540
1319
1010
453
435
73
282
1351
431
212
1018
1346
1126
896
878
439
1019
1149
1124
298
1506
416
799
283
281
1251
289
135
1303
614
664
1627
1419
1496
245
925
463
643
568
334
377
142
419
1145
1161
633
1196
1403
743
592
1023
454
43
657
62
740
123
302
579
106
984
439
261
1148
642
921
1007
547
1614
1433
847
1087
201
887
1144
1243
102
484
411
96
1434
406
147
1030
1158
1589
546
646
835
493
501
8
1396
1304
972
1394
658
1019
1502
213
1652
89
193
445
405
420
1610
106
81
1084
1375
175
524
622
1326
456
673
1360
1250
592
1535
58
986
466
994
136
936
450
667
1482
878
1146
1439
68
1437
175
747
947
1022
653
197
824
5
1606
1497
410
1592
434
1531
1493
378
174
31
1377
800
28
241
722
482
424
1247
253
662
1213
1267
628
733
633
1453
1060
1470
1079
475
1253
849
1471
531
511
664
1520
1055
461
1362
579
1045
926
405
1468
477
53
1172
968
366
361
1351
130
90
1
1647
806
767
1134
1161
1598
649
1563
554
1259
145
1687
598
1490
535
1535
678
119
734
940
1101
1627
1008
161
1552
1346
677
121
1259
1187
1377
1200
516
288
419
1307
1029
1268
653
404
1651
334
1284
703
963
1642
992
163
1334
173
130
681
1113
283
1387
1317
1349
1265
1436
521
356
448
1517
635
25
664
1289
1571
1685
238
632
915
1013
664
1001
1603
209
189
1218
209
1510
279
489
1258
818
1238
503
355
184
864
1390
1143
583
1344
1643
908
368
266
762
1536
172
647
934
1035
1534
1194
1069
1079
946
824
1509
1152
1049
773
488
705
983
988
267
304
704
478
324
833
1366
1347
1509
1563
1337
959
123
667
1201
950
693
162
297
1413
1357
553
1443
780
1219
17
228
633
269
705
1544
1104
384
1438
613
1031
257
506
743
365
1646
1654
541
991
166
879
577
252
162
47
901
539
165
633
192
1331
1592
84
1166
1257
1616
660
1447
1013
866
1099
338
864
1636
1582
909
433
1364
1070
1478
86
651
438
253
316
1405
842
1000
692
1060
1281
1111
496
531
1244
850
501
984
802
438
700
981
1481
418
1282
881
1358
1474
143
1239
1156
55
196
1593
104
546
1609
463
313
1562
1282
960
1307
1402
1237
1486
1204
851
593
834
1390
1116
673
392
1396
389
760
1461
1486
1549
1686
421
1198
821
834
650
610
1628
1388
265
1595
1465
204
131
1182
464
401
802
801
757
482
974
559
351
1272
353
727
1046
1497
1350
888
900
523
713
424
932
1370
1095
823
575
176
376
455
679
467
1191
762
339
108
638
771
1167
952
799
1712
749
1309
741
672
1403
743
347
682
18
1284
1486
138
1411
1153
541
282
857
146
563
774
211
1103
408
582
130
301
381
751
532
1110
1625
264
1563
918
329
303
1561
429
96
258
1257
1396
395
434
979
660
1706
513
1317
1504
515
1579
1581
1444
828
1104
302
716
1558
247
1348
276
333
1606
1452
904
605
422
412
1239
1097
1259
1479
153
511
864
1311
773
22
937
1186
1555
1580
432
1305
324
34
1394
494
1556
311
1070
230
1518
1250
1349
1499
1067
1565
1103
1274
1128
986
1325
1114
259
540
336
1726
165
286
1173
1385
126
455
510
314
185
897
546
877
1682
1410
756
804
155
1420
1555
65
339
908
774
368
182
326
1045
6
250
422
770
209
414
1217
584
450
267
436
1377
262
334
726
64
319
289
483
1216
264
1543
754
596
89
1046
1573
848
936
192
1548
1312
464
335
747
1270
1054
1238
115
908
847
351
1210
80
373
472
1089
294
786
996
276
661
1467
209
962
154
1113
837
1195
1266
1279
1468
180
1724
694
1638
1118
408
497
818
1658
381
1413
537
1009
1077
1057
444
291
644
1144
42
460
560
258
164
349
640
1163
390
186
799
614
907
1111
437
1180
721
1201
1570
250
1637
701
998
272
1128
1429
790
448
41
586
499
1587
363
1520
930
1445
1317
549
1243
1680
117
967
1176
1645
781
88
713
440
882
1238
1622
619
1086
1424
1026
1646
644
14
373
1483
1372
13
47
905
366
99
324
1145
1580
1443
1120
1499
448
509
159
1243
805
119
1170
549
1514
368
935
385
715
1174
726
1452
217
886
1570
838
167
119
1191
926
79
791
683
240
1297
65
413
75
306
949
251
968
782
1204
321
226
61
1153
675
262
97
1297
1313
788
918
319
440
1444
519
1500
169
826
147
864
1422
978
929
667
1223
385
1138
847
1156
1001
423
1352
157
294
954
37
160
132
1307
823
1229
1304
395
51
1100
850
530
1003
361
1412
992
476
1017
470
612
876
1694
1237
1275
1600
1058
831
1616
1143
414
1233
965
715
1530
1194
459
1345
730
1003
749
666
1110
900
1617
188
661
1609
664
613
1529
1571
751
209
1512
717
1135
1483
695
1612
298
55
856
491
840
117
521
1377
1397
348
775
1231
1440
745
1005
895
681
1530
1540
815
68
1162
1086
855
1086
822
79
657
53
867
411
1144
1602
569
285
70
1502
1341
103
984
596
71
1410
970
1389
446
1337
1567
995
1199
767
921
1463
1528
804
671
1391
1080
618
1327
1626
1350
782
1282
347
1052
1146
368
865
124
1112
177
1614
1596
1366
894
350
70
900
3
500
1457
255
1396
1636
225
952
1145
1365
284
533
73
839
1
1358
854
1471
401
241
1688
1507
515
1606
188
1393
667
430
412
184
1077
44
303
554
685
1322
891
186
525
859
693
846
1541
1517
49
658
1599
578
552
833
107
1438
1013
1127
752
816
801
1515
826
869
634
1303
944
1160
1729
457
1361
783
1081
1129
1397
88
665
1369
632
305
286
635
1639
964
423
252
352
198
365
1483
1410
1483
1121
631
485
1284
266
659
1422
54
980
758
1682
1418
865
1278
555
817
759
1008
1316
742
1249
254
1079
444
1363
1090
1351
8
1266
865
373
1478
1087
1189
1552
1428
577
74
1171
1394
1436
967
704
1274
1050
743
1342
1489
160
1134
831
642
1008
1160
980
833
1015
120
199
1019
256
1266
542
1250
637
919
1209
413
1702
1544
925
1189
1627
377
1268
131
669
342
81
1518
359
1535
1451
222
441
103
151
912
526
1029
1364
1259
295
1677
309
591
348
705
308
736
1469
1472
668
663
633
1370
1319
129
1501
1309
1049
834
330
1471
794
172
1365
171
443
1519
1395
53
183
1448
864
125
911
224
443
570
215
1184
1503
1074
1278
1590
591
1371
1266
992
1406
132
1097
269
388
1232
1338
544
1367
384
227
1391
432
522
1315
852
411
1542
1377
305
971
1251
1439
1311
470
277
377
93
531
622
1649
525
374
520
593
1007
774
124
355
1295
150
671
672
323
1133
1634
1358
1546
1188
1225
223
276
275
868
1456
1480
599
30
1579
845
1308
491
185
1186
1365
421
891
968
394
78
1108
1150
247
1654
1133
579
881
93
505
1144
598
1114
322
1146
617
518
660
715
1445
1179
756
1594
705
1675
863
1307
841
262
538
501
1244
560
654
1036
1108
448
312
78
681
125
821
1481
1402
252
992
1613
936
1438
1437
859
528
24
689
702
963
133
1194
838
1600
1571
382
707
789
1280
1259
841
1229
1363
320
56
191
636
1336
744
1080
821
1565
1023
99
1535
1456
702
939
173
1579
1311
1195
1033
990
393
56
915
348
1268
511
925
1138
1741
53
581
954
494
397
931
1053
884
1422
295
518
213
1454
37
1109
82
842
932
409
1221
660
1410
808
716
1040
1331
1666
380
888
1583
1269
694
445
669
318
1421
1427
1580
1413
1178
1006
534
972
618
1123
1362
416
342
829
779
688
557
968
55
116
1368
1077
935
1049
37
258
366
958
1466
1125
756
360
1460
494
91
1327
313
1279
1012
530
1353
358
359
1469
790
111
1532
574
582
438
705
1393
472
873
480
1183
376
43
859
836
401
146
20
735
1184
1534
84
437
359
1363
434
89
677
968
743
503
189
257
1027
596
590
280
39
61
1497
1634
90
1526
1027
1010
247
871
1537
1118
947
314
1271
299
577
645
1211
1000
725
1455
693
496
983
303
1562
1085
1488
1156
1331
1141
252
1244
1595
1279
546
654
1750
411
1668
809
789
1363
260
664
1022
251
1386
1478
185
1251
814
1428
1367
1205
1573
137
564
1134
594
561
1743
96
881
1549
226
293
830
239
1091
1457
1370
1410
244
1031
1094
670
1164
42
873
354
1327
234
824
1213
399
160
728
358
136
859
1059
545
888
28
1195
1400
981
198
1593
1583
469
60
944
16
1486
321
1427
778
663
1513
128
1056
1407
1318
487
468
1393
230
866
1321
1199
156
313
776
1154
918
1472
1057
1071
957
643
210
66
431
539
835
957
286
278
1714
791
1302
231
889
1317
752
1644
711
948
686
509
1137
1403
1199
347
159
530
410
139
689
600
326
571
722
807
489
487
1529
1168
236
691
76
772
212
1260
1653
269
1348
507
406
1432
805
19
1067
1405
44
1382
322
1455
1222
659
528
1222
963
1285
709
929
850
1141
495
571
1208
345
656
1113
304
946
1134
391
563
204
1226
1004
1537
432
1475
860
1130
1263
244
434
1171
548
1390
1517
111
403
1101
1611
572
851
1244
1482
403
1218
819
1443
1438
692
522
1460
743
803
1460
890
96
960
92
835
132
1363
681
1325
187
753
1515
1232
1389
833
1112
584
113
44
1006
910
777
160
907
1256
890
592
963
255
534
1647
334
17
228
17
711
1287
927
1613
41
371
1487
127
201
650
627
1649
730
194
713
963
308
975
1463
180
1439
1012
1603
932
195
1528
435
1396
566
682
1297
90
558
1287
1493
753
1177
1223
636
68
203
1534
984
1037
843
1522
736
1333
907
759
1473
1425
519
521
866
812
503
1137
423
623
133
885
104
1237
1204
804
1140
343
673
547
391
292
794
1657
1078
336
987
262
545
583
295
0
1324
703
338
1209
619
1371
1626
1018
1513
925
532
449
1668
84
726
1448
1478
105
686
825
459
918
1183
1432
1186
581
240
202
1186
719
1162
190
956
194
475
126
1462
1459
1511
1658
362
865
592
133
1150
1425
1391
394
730
1640
887
1225
1423
911
1632
969
1298
274
79
638
1431
332
98
253
1187
694
1548
1220
373
252
485
106
1063
1628
834
1557
1653
757
1636
1404
1467
820
428
32
1406
1357
1339
990
467
485
1058
504
1446
878
1321
162
1015
1509
555
487
1239
577
12
1335
871
1146
1622
1337
806
749
1720
911
1189
1398
1583
907
1465
922
235
822
756
1075
852
826
1294
378
24
1295
1460
1666
784
725
1292
338
684
100
803
246
1367
385
303
564
111
1211
1647
1679
1221
984
271
1294
582
359
71
1496
743
1352
493
1059
653
498
575
127
1037
1540
294
1228
1505
46
809
1049
1468
1538
335
1363
192
996
116
1550
1103
1557
705
1010
99
1020
1398
730
731
1531
225
124
1441
868
1336
321
294
1176
1407
1445
501
530
1288
1023
652
379
1198
1090
859
390
775
1637
502
293
1184
219
557
253
1400
1492
1062
700
942
528
239
1288
621
213
571
1416
303
1518
1304
464
23
466
12
1094
1372
61
551
156
74
1513
1450
271
1411
328
285
239
1533
1089
1022
132
656
1458
409
152
612
550
183
274
940
855
1029
532
1014
152
1321
877
1438
1014
412
1345
1306
403
533
248
145
1593
1433
109
206
1240
1350
934
478
347
544
882
1197
169
466
383
661
578
586
377
22
1691
322
1297
857
1186
652
345
145
664
20
630
70
1523
844
1452
1342
1086
1314
1724
818
598
87
1125
1371
155
778
1046
317
1289
732
694
1584
734
426
837
956
1391
968
748
19
736
1025
616
450
846
882
1064
620
367
1304
619
1121
1705
1404
910
1330
1113
859
496
1027
1438
514
1174
62
523
765
1610
1093
1617
89
1334
911
688
1470
550
308
270
367
166
1446
1416
1175
629
1204
1424
966
713
683
170
1406
1244
665
1128
504
367
1257
1302
846
1080
696
775
486
609
1696
1562
160
1145
1695
1039
1540
1457
830
1329
22
945
679
609
1251
928
1028
1168
37
1156
1140
199
699
1622
693
539
198
1255
1038
624
5
1093
1457
352
842
1164
968
1177
449
692
1035
1262
683
1387
1328
13
1372
932
351
1668
67
853
1111
401
805
497
1020
1574
1458
732
690
11
844
738
318
556
364
394
363
1215
185
1349
1191
1220
56
723
567
658
748
280
797
1134
1163
1145
332
1625
1512
267
1427
859
677
1381
1290
36
1617
942
293
1141
500
621
536
1286
3
466
156
5
172
28
1294
874
463
1476
1668
1117
835
616
336
1225
869
410
2
54
656
1723
207
1693
1465
820
700
137
1010
429
949
602
744
1181
168
272
760
265
1273
103
402
1027
808
1566
888
1075
463
1433
195
796
648
1507
600
1402
438
931
69
542
461
1425
163
1033
1376
1289
898
1420
1223
1709
765
1337
1531
1049
1357
513
1038
1181
1415
696
1032
1445
728
1221
1589
969
1027
936
180
115
726
183
327
957
904
899
55
917
1528
1510
1033
61
1568
1257
1117
841
896
139
1012
47
1500
1309
415
330
727
1410
1711
887
1682
317
25
1248
785
135
361
1075
1276
343
375
978
262
226
972
1273
834
500
76
1192
815
251
171
841
94
100
271
484
223
1486
343
1326
130
974
1440
1366
1687
808
1265
274
1239
1079
968
249
577
909
1048
1666
667
182
300
1100
587
112
1542
556
992
1088
662
1295
1563
622
1178
37
514
1635
231
1096
60
1697
602
904
683
221
1533
326
1704
667
949
1626
1005
1042
643
907
38
17
286
338
349
1150
1444
669
1510
375
653
1325
710
144
1078
430
791
1102
169
242
1033
546
1173
910
108
326
13
1530
700
513
1692
175
714
1506
1003
1303
163
455
1341
1111
123