1001
866
1212
1587
290
126
538
1434
230
156
45
447
1313
149
815
1466
1462
1148
640
1241
492
1221
1161
787
1153
1290
866
948
507
407
84
1092
1145
650
95
1200
289
850
40
1517
815
987
653
1258
1395
199
934
356
915
1645
1340
831
1076
398
419
544
331
661
1654
496
507
573
120
738
1289
1352
941
698
1111
156
902
1368
1422
373
788
898
938
1555
216
1339
565
56
104
963
810
1403
335
650
418
1551
381
1290
131
1609
74
267
975
659
1376
1252
85
1313
1571
101
1379
362
1178
896
819
7
1139
140
1556
270
250
427
738
1662
1374
311
44
535
965
1520
815
1458
549
233
1325
1004
776
1393
966
1047
790
204
1006
55
708
1062
368
1175
638
1694
550
563
1339
741
1054
93
1300
910
1621
1326
1425
1019
1251
674
1221
244
955
1330
588
425
704
64
1556
532
1287
57
1485
15
585
826
1552
610
1100
531
297
625
49
384
1175
1060
611
1592
1321
1267
250
61
784
241
913
747
1455
520
198
1116
207
107
721
660
955
900
616
1366
1301
723
359
779
1483
1076
766
290
1207
122
794
218
1154
1584
1192
70
983
1396
1659
1068
835
1315
1461
354
502
480
663
1030
79
289
674
502
659
1466
1616
861
1240
1428
1660
896
896
1157
1198
1043
1457
961
726
706
618
992
103
758
1219
349
123
646
451
842
718
1168
318
485
169
520
958
1331
667
1032
607
1443
368
105
10
149
1641
1061
624
1003
432
396
877
1053
1099
298
983
1215
1451
123
1330
1036
424
278
1377
212
139
1512
43
743
582
742
1360
1068
123
1127
505
1630
549
1437
1442
983
1331
1382
940
945
1218
740
652
749
1029
1392
3
595
972
986
1578
948
26
1513
406
351
1456
1388
654
430
962
287
1577
162
244
327
1645
1364
958
847
732
548
1258
854
138
955
165
748
270
171
704
1111
795
1515
128
297
1445
626
319
1
813
1245
1430
393
523
814
999
1605
1490
749
1107
476
1562
538
815
1071
269
56
215
336
1496
1350
248
261
1515
370
525
1581
1658
1512
1279
263
1409
1554
604
798
1476
216
1065
1064
830
750
824
764
962
1075
1437
953
1040
1413
380
1213
392
293
1234
717
1322
27
551
1155
1347
0
1317
264
208
523
160
443
501
648
872
1202
592
1139
493
422
761
1081
1627
1146
1187
1127
1622
179
10
967
577
1084
962
1420
1646
1173
1626
1204
1470
1563
1354
1203
238
144
629
511
842
863
1332
813
933
185
1477
722
1613
1076
287
836
1215
221
1018
888
738
764
861
1715
63
481
886
950
1263
123
276
1189
738
1121
1392
1003
857
14
144
183
626
505
605
97
1592
643
531
1033
1350
1417
732
630
1464
1336
31
1608
891
107
1193
1441
162
213
319
1443
680
220
31
1441
913
168
1423
157
489
203
388
1582
918
371
1550
728
1114
508
1075
909
689
569
911
566
1510
883
1317
1318
1
485
1110
349
830
154
910
486
1264
807
491
570
818
1559
614
497
1275
68
928
539
1732
671
1438
448
642
1662
1102
116
970
1310
894
864
1006
1445
1577
1435
296
1638
658
1352
1354
1200
1337
1290
1222
1389
1431
1627
247
447
831
1131
1528
718
452
597
300
688
1143
1274
1402
911
545
844
739
1128
15
1619
332
590
209
1304
1443
1113
1478
526
646
1168
685
595
792
781
1166
282
1104
1385
1078
104
163
180
1282
1505
442
1097
1716
1145
599
805
1533
70
1508
1109
71
338
584
1476
165
663
521
915
675
427
1042
1464
1361
1225
272
680
1373
1117
1438
735
1209
1531
742
1477
652
925
78
1016
1019
1578
905
559
580
755
1082
676
1657
1249
93
1008
264
685
792
507
1433
935
663
38
1146
808
792
1343
651
711
1236
1069
1360
855
302
143
731
871
1513
248
1345
1206
1461
131
342
829
233
1482
707
1461
72
134
227
1018
1278
154
922
892
137
824
871
234
462
338
1675
1641
1260
1579
895
411
16
913
489
162
678
708
500
600
1630
612
417
682
1350
788
1186
1504
1353
1167
1204
429
279
278
780
1187
1558
411
638
1338
1269
59
1703
1600
256
160
680
708
437
628
333
652
1532
1407
208
1192
543
279
10
1128
465
265
227
757
501
1188
406
1133
394
701
684
959
436
960
427
819
1532
1536
114
1566
1185
441
70
511
892
122
694
1319
693
942
1124
112
95
520
72
1330
148
940
69
929
392
770
121
1398
184
1224
377
269
897
73
460
102
1052
646
72
1600
1350
1250
1478
1640
857
721
710
685
1429
1541
223
1483
1504
412
1118
539
540
346
380
201
571
811
820
106
231
247
1038
704
1432
436
273
1013
445
780
532
633
352
938
745
948
32
1537
849
209
1035
27
939
427
1093
2
1532
487
1125
698
862
1009
843
113
620
60
879
855
201
204
990
953
1188
1041
92
745
290
1592
1136
1610
413
490
553
317
362
666
632
125
1463
72
608
865
1497
1567
369
624
314
295
289
841
1283
27
845
1333
1475
640
532
1284
103
1415
1307
274
1645
325
1449
839
213
902
1042
655
397
742
1452
309
607
198
861
645
469
362
166
177
285
1557
759
228
1309
1177
86
1465
343
850
950
1549
627
939
1291
354
947
102
1584
677
1522
681
709
874
1051
238
189
332
856
31
231
1080
267
802
80
955
1360
683
1573
1373
1143
333
1558
1060
1536
1139
1153
1423
115
1510
1333
793
743
1052
210
591
1420
638
1503
95
47
667
922
71
923
691
537
1618
919
1430
84
1287
1523
260
1373
5
1011
1458
1609
553
1665
658
1537
157
1063
917
1235
947
1489
1683
660
760
63
1219
1274
481
1134
590
1607
16
41
1545
995
1327
477
1082
595
425
1571
1585
255
367
1495
867
818
612
1339
60
795
1179
1229
733
367
1418
703
1577
801
248
1137
458
418
981
1689
659
1350
618
822
1051
430
1242
597
986
176
561
421
832
1469
500
1567
918
296
700
1360
351
800
503
618
38
94
1344
390
121
1581
426
1049
1145
929
1327
1536
199
317
1260
325
241
428
862
866
1395
1655
1059
752
1419
825
1610
1300
891
1553
1585
1181
1019
1186
402
1539
1263
372
131
1095
698
1563
370
732
156
1261
887
1641
1581
1723
1092
467
373
260
945
1168
970
939
1560
658
335
1161
270
510
1238
921
647
1088
220
151
414
568
1516
624
1003
1605
216
1019
1294
897
1186
952
1599
951
114
571
121
716
972
935
686
282
200
222
762
1512
668
43
918
1417
1032
503
1400
217
1544
1411
152
875
823
514
880
1386
1347
1655
649
1028
1545
1415
1354
1248
496
601
1144
1673
1713
553
1434
1470
1410
341
109
905
1445
509
914
1158
1363
1504
263
1186
1460
1046
543
348
330
352
940
1519
1530
1452
1129
1549
1405
573
682
189
1545
62
396
1364
842
1452
1496
529
1529
403
72
970
1196
439
584
1442
862
1442
165
1360
1651
314
1175
271
1146
392
1013
320
1394
1216
1415
975
1202
143
471
33
820
1537
1018
841
43
617
1510
1558
753
706
1699
606
343
222
1259
622
1007
537
703
259
969
1247
715
969
1453
154
55
1676
1264
765
1048
283
1451
1125
1238
847
35
480
1377
1132
1529
1015
1184
906
1145
1579
1402
46
1276
314
1543
304
110
1353
1381
438
480
103
300
667
859
110
1616
363
640
441
47
1323
843
556
1125
397
31
1063
1040
1576
862
124
951
1394
1149
1408
1594
651
1015
616
1110
109
355
235
66
1211
365
1256
1037
1380
1120
319
49
404
1199
1483
1390
161
1530
1417
406
92
169
179
29
1237
248
974
1419
941
1613
539
9
216
1067
889
1285
1109
692
238
754
534
1443
1501
631
96
532
196
136
1629
1370
1364
819
956
945
765
619
965
924
98
388
681
388
627
1094
295
1009
1338
454
847
996
27
1130
1578
453
848
78
879
310
983
668
649
1568
1032
1610
413
1369
589
1027
1676
832
1499
331
761
1559
723
88
376
1288
289
1415
284
1280
366
350
1275
293
827
662
1442
222
609
782
373
1144
1155
511
500
57
1731
1553
607
780
1208
1705
609
948
1299
1078
1171
331
202
260
704
893
171
522
371
952
1515
864
146
1528
406
1119
762
1055
1116
115
1413
1000
1034
368
354
967
1560
1527
584
615
1079
1520
766
357
1287
1268
147
441
42
1216
1179
548
1365
1131
1028
1037
1290
1357
78
1634
1365
1185
1257
978
1335
1060
1442
1105
312
1084
155
605
1521
699
1673
1393
909
821
15
1019
1373
1252
52
245
1201
956
621
1614
161
443
1229
293
151
680
59
16
409
32
1397
498
1392
1274
910
940
1096
987
1233
747
766
40
1260
839
445
540
1271
1562
1639
1320
764
1314
237
716
1435
11
376
1260
738
785
1667
1773
1283
175
761
256
767
1628
1624
1399
1131
333
1179
108
603
1510
1432
426
1683
472
1105
866
1424
634
114
1514
145
335
1467
747
240
1593
937
34
1343
1133
48
1496
1130
403
700
952
434
535
67
1157
137
606
1394
23
1444
226
735
461
481
1162
388
792
185
683
385
589
62
1576
541
484
425
1141
1047
1039
866
1144
1086
1255
1061
1316
896
65
1045
1427
174
73
877
730
876
402
1679
1567
1295
181
751
210
834
537
501
249
1060
882
1419
328
986
14
228
493
419
1113
1399
1261
1209
197
195
1371
889
1111
35
516
8
983
1153
791
1519
317
205
476
1069
825
583
240
1093
924
1193
1463
29
354
968
1085
513
710
894
345
1447
507
1296
426
624
927
1239
446
635
544
892
1566
79
981
66
843
1343
1505
27
1643
1461
819
464
1640
1103
1030
1755
395
1645
243
90
609
599
870
161
792
481
326
365
960
1518
1524
1441
1741
1220
529
1120
1045
18
369
204
480
1613
1455
772
597
1133
1320
1500
893
1144
967
762
911
1516
1150
316
1252
432
1753
421
247
134
1155
792
544
183
501
1057
840
1143
153
810
391
91
1085
129
723
935
1527
673
24
1771
1197
1573
669
699
412
295
1297
385
1331
672
1122
1439
1109
55
651
1225
307
837
865
295
851
869
60
163
1540
1306
391
138
490
1289
380
1232
1340
502
620
392
1209
1091
953
1622
893
1278
976
770
592
99
917
270
1428
1117
1570
1208
395
785
906
225
380
375
938
425
1179
254
1456
835
845
302
1068
1201
477
538
56
677
622
1443
1502
1497
700
849
1481
468
9
1631
1504
357
485
1283
663
372
520
1638
768
868
1356
501
1483
595
959
999
181
760
1212
1412
69
1600
1226
1118
67
1193
447
693
49
1174
729
203
1611
826
1022
675
1004
1045
1529
1376
1567
280
1204
412
1419
555
1714
1400
1450
1355
881
632
547
669
570
1627
1545
932
227
1273
791
85
1250
575
21
776
1556
1146
1664
747
957
1375
300
1437
515
1327
695
1099
1518
442
1349
758
1054
1664
1030
556
846
28
82
220
206
1467
1343
420
1187
843
532
890
561
167
1554
1131
542
829
1004
1438
718
1140
1639
587
329
45
333
109
33
1429
696
1087
196
711
857
79
479
844
1069
1420
194
283
1113
34
492
1218
27
408
1436
1373
1053
554
763
190
732
166
279
936
541
1481
1231
622
192
1257
746
729
943
22
573
1541
776
724
795
1661
181
1620
1217
1638
1538
683
13
1064
442
1427
724
1154
319
510
513
860
796
1150
1113
187
28
1572
699
710
1691
506
402
332
281
920
1410
486
465
683
1029
1185
1344
134
1035
480
148
1529
610
725
945
284
1230
1629
1222
135
182
328
1265
633
383
1026
193
117
365
1268
206
54
648
139
83
1621
880
152
784
1547
1043
905
578
845
1651
814
370
1507
930
1060
1609
229
1342
42
282
1314
6
179
420
1120
57
761
532
62
1545
333
259
1016
544
162
933
518
1352
582
461
495
243
1297
1664
1424
532
1034
578
93
128
1511
1433
1289
287
1263
127
1588
907
220
401
1605
193
86
684
410
1510
1312
7
1039
1129
1003
610
217
903
206
321
923
1679
348
1314
301
379
1445
1591
980
879
422
1066
795
978
614
456
365
1201
134
233
1300
176
1555
1231
1563
1380
715
355
889
1532
941
408
645
1465
1159
797
328
1715
705
1054
1395
1333
593
1263
496
450
661
512
1490
657
413
1563
1454
782
317
1051
1000
496
52
517
7
859
446
766
558
1493
19
412
1282
1422
1425
585
594
1436
741
1103
657
484
146
632
1606
807
250
1495
957
1681
698
1210
18
1041
52
126
1439
1630
1052
1621
1249
1093
786
1334
1367
1420
1601
727
1280
1053
1578
89
628
674
789
176
1549
521
1588
417
753
362
311
156
1023
922
1008
1104
1370
27
751
999
544
829
1653
1509
55
847
425
798
355
367
260
73
1443
114
1130
48
1518
881
1167
35
1137
593
685
1200
1042
1122
1365
329
1354
109
357
839
759
428
1466
663
1144
1152
1551
842
149
57
181
1114
1299
868
1477
1627
1024
280
1631
501
62
1004
1128
1194
1683
1279
1433
493
1159
1554
167
963
868
120
170
431
1461
1059
841
806
1411
601
980
599
964
49
1595
1171
87
236
0
1232
362
1375
1145
414
1253
1311
960
515
416
1182
301
321
650
948
19
1373
718
285
647
262
368
434
1331
661
1471
558
743
76
381
639
1524
1645
717
244
1165
762
1213
1227
394
742
165
1405
1283
1187
1212
291
1227
1473
42
15
1163
609
1178
1634
120
956
1144
990
1515
1442
473
878
276
683
813
1661
117
27
224
594
50
234
374
951
659
1591
1119
658
122
113
1645
1289
823
102
1331
38
837
851
730
1542
1338
432
694
192
79
665
921
447
1609
363
218
1562
1430
146
212
1487
923
505
483
997
1212
361
1195
949
533
552
609
1598
382
499
1496
243
1023
1092
233
1481
533
471
235
416
1520
686
172
1141
1058
1552
592
1589
589
1155
1433
1196
1536
386
1294
730
544
1432
1504
188
1296
838
531
751
468
1359
57
577
306
1311
354
776
584
764
1345
113
974
484
518
859
169
100
700
959
458
646
44
1532
993
798
1288
272
1128
972
707
1510
1431
1364
218
661
1297
1594
222
627
640
125
1360
1605
270
793
1118
1431
346
671
1430
233
313
365
890
34
180
1633
648
835
993
1268
1068
1628
772
702
792
25
1171
1608
607
269
1723
1311
1117
1683
46
243
998
123
380
147
1013
303
315
1609
1472
1067
1369
929
498
512
1198
539
984
552
62
338
1193
286
1476
1516
241
1677
480
1453
1293
303
1253
1169
374
1465
301
1475
252
1005
770
1646
218
1275
1724
121
947
659
462
502
776
183
694
1471
1223
229
3
1460
1450
550
1119
784
116
821
1245
1423
1012
1249
1071
51
975
782
1591
1428
335
429
766
1219
989
1408
151
565
1326
611
655
986
1355
1048
1248
144
91
680
191
668
1305
1253
346
394
1209
1619
442
1517
213
827
204
494
1
207
190
865
4
63
189
1025
1512
968
769
418
1537
891
237
1106
50
866
906
20
743
63
185
1066
643
573
777
124
618
992
450
495
1543
1431
752
682
1507
1148
449
997
1237
76
451
337
1563
36
1169
1020
1240
656
401
950
1515
1469
862
675
324
388
307
1532
1080
138
1287
1284
1204
1168
11
1203
1050
1298
936
817
1416
1486
952
1310
1104
1503
1512
378
969
677
815
1255
118
239
127
943
567
1142
1348
1568
1329
844
840
1632
894
547
68
659
1349
553
1147
176
638
1385
889
949
1411
1505
1391
406
1441
1116
442
1374
204
91
506
971
688
236
468
414
1618
1141
988
379
837
746
202
916
932
536
635
670
1547
1512
1217
118
1092
422
1380
1351
922
296
846
589
1055
646
1452
233
1425
363
1387
1193
109
1123
1169
1539
667
893
675
149
27
238
721
775
1501
658
1307
900
1528
714
1072
34
1613
707
395
93
109
249
1100
1054
1295
389
818
748
472
1016
380
1627
1573
737
410
1315
1049
1027
1226
425
782
129
553
1502
1475
789
531
1349
520
1242
43
353
1434
1553
234
1602
1427
224
300
400
1529
476
1209
202
742
934
422
1597
758
132
135
1328
1584
1600
1090
241
415
757
254
1161
700
731
771
433
1287
1162
867
1726
1331
1418
473
1625
371
469
1051
1391
1432
581
429
854
12
580
91
817
1098
913
446
961
503
1326
727
323
909
731
410
832
1256
1455
755
1028
645
869
1158
202
167
85
1376
976
72
1688
1389
860
1492
259
1145
780
548
915
432
1019
1414
1624
579
144
27
398
686
1287
1122
471
1370
416
790
1169
1511
81
1196
1115
1722
850
404
1469
1677
1051
1500
1648
1514
1094
632
932
817
971
1552
1220
556
348
580
1218
970
678
377
1017
624
1686
69
1008
1392
1365
1419
994
1611
1040
452
533
1137
214
851
515
1301
1158
549
832
1083
593
1079
539
1514
1416
957
2
948
996
907
315
1605
683
63
965
895
313
1359
298
920
199
196
1012
486
451
857
1684
1080
1500
145
492
53
1108
730
843
736
271
23
366
1209
72
231
943
1072
349
423
811
723
431
709
187
1098
1373
78
1064
998
1082
1396
858
1486
13
1205
352
1222
1421
429
501
365
1483
1562
462
710
864
994
1181
1023
1259
1212
1658
676
35
1385
897
1191
791
1279
1077
1707
444
234
111
1607
1212
1356
1272
759
241
26
1612
587
80
1114
1193
133
1253
1574
1317
1448
689
347
1112
1480
296
1223
820
1465
1380
586
331
467
698
1463
1374
1332
1343
1198
1470
694
18
1211
423
1195
1557
547
464
1660
1018
1080
1243
697
10
930
34
199
1174
1199
952
316
1010
745
691
608
1284
160
552
318
1275
649
1127
919
1159
371
1286
197
282
501
1064
712
441
1242
1322
279
1566
997
223
745
1642
1221
1154
1124
1604
71
836
874
793
86
1065
1142
305
1063
1008
1545
149
1016
731
893
1622
671
1354
133
1176
1043
416
448
660
378
653
28
676
169
978
709
588
689
1106
1597
684
698
931
5
29
164
1674
1238
1447
172
1011
998
1510
1569
279
441
780
268
155
1301
895
488
63
1568
795
399
1416
462
981
296
1265
1515
593
351
758
1251
847
1515
404
300
1503
326
1111
1241
1641
379
1507
205
1306
800
808
526
628
1682
195
1448
654
1320
262
1407
753
845
1268
714
209
636
479
485
1482
263
1293
1117
1594
915
1233
1453
1201
792
745
1103
1143
326
702
257
405
1151
231
83
373
689
1420
469
1054
527
205
727
481
1286
1426
1447
549
394
1163
801
1372
1075
47
39
1166
972
711
879
897
391
680
1177
600
1229
84
1587
1566
375
1526
763
1611
646
1186
59
1126
740
387
1280
328
497
1479
11
67
609
1588
1366
554
1111
893
1487
374
465
1189
537
1122
1439
70
1096
1263
1311
204
1444
489
712
1002
1112
1050
686
777
1398
1496
111
1668
992
18
1615
5
1074
1649
1183
76
269
29
851
1241
622
838
177
400
1584
83
554
642
644
675
1298
1359
1576
631
553
1318
1029
1002
1596
401
364
1181
373
1214
1192
1399
1083
1053
646
1685
355
1548
156
711
937
718
4
330
726
165
1241
1271
131
847
422
340
204
37
338
269
1641
1498
675
635
1462
1210
381
818
636
1371
51
718
1245
43
1383
590
1134
918
1299
1055
67
1154
1468
14
693
1603
1139
58
1572
258
1254
1637
660
1080
1034
308
1089
1253
1270
1576
1068
604
1584
1204
852
224
948
1657
1330
529
1491
541
1009
1579
1357
135
106
1162
301
733
557
570