382
353
82
231
561
385
127
542
660
99
454
142
143
155
166
21
423
441
232
317
108
649
429
612
75
116
202
337
6
37
233
202
46
578
45
258
405
242
496
187
415
96
31
595
293
174
634
464
34
358
147
479
565
88
281
45
406
214
23
146
316
379
411
457
71
404
509
547
209
43
538
26
439
37
156
378
126
60
198
301
475
70
383
403
686
334
364
387
460
394
377
595
293
251
437
333
420
528
409
120
149
132
125
82
127
683
504
143
401
78
161
492
368
314
331
200
92
300
504
324
404
661
340
475
150
501
402
665
20
141
504
468
477
275
607
480
313
218
605
526
149
177
382
101
485
659
121
147
0
122
567
5
444
116
301
329
459
204
452
82
333
94
262
75
197
473
628
213
120
689
505
250
527
424
602
233
307
139
403
55
367
171
146
558
530
226
469
591
220
446
358
11
147
55
341
50
543
294
615
377
216
307
177
563
445
114
79
250
21
359
592
241
40
90
588
98
180
499
87
361
398
131
219
85
316
312
23
576
596
137
124
334
337
194
560
169
112
369
572
513
43
52
214
83
655
237
219
266
155
345
184
39
302
395
275
3
169
440
120
510
179
542
509
53
404
643
598
467
524
168
30
387
313
520
475
634
379
459
337
280
403
248
448
213
507
413
483
426
386
628
147
236
66
1
58
78
617
455
117
268
509
372
231
62
312
606
609
438
67
138
473
121
320
376
626
298
621
408
359
633
253
513
173
640
274
131
74
541
625
478
36
178
63
297
629
224
649
67
625
470
253
71
606
105
562
273
220
5
550
134
69
153
598
398
237
72
248
265
481
440
399
129
353
614
137
180
64
26
201
89
139
521
572
620
401
289
320
533
71
90
185
629
508
444
451
667
678
690
67
63
88
203
451
289
188
99
307
150
178
409
540
553
388
221
453
575
262
139
402
228
670
52
470
560
273
96
129
383
83
227
245
165
334
469
456
5
55
47
303
349
454
610
223
42
607
654
669
13
389
148
227
429
583
27
447
36
375
68
490
372
609
330
319
235
125
683
92
627
551
80
400
50
545
318
307
596
630
581
415
634
509
58
187
460
716
300
496
621
130
200
365
203
88
383
369
336
255
311
86
274
28
155
157
599
378
606
533
217
367
224
461
138
197
104
252
451
193
140
252
181
114
169
77
244
8
540
99
461
315
156
556
549
572
155
259
346
583
624
119
64
116
314
506
228
568
156
234
380
533
72
117
281
199
299
570
216
276
142
523
198
259
86
546
402
235
37
533
120
130
497
426
30
496
305
272
185
411
383
594
216
522
222
390
404
266
316
291
709
403
217
236
381
45
573
423
522
395
237
293
253
210
192
574
395
4
197
18
376
305
272
694
134
137
225
617
93
440
325
404
419
440
39
587
430
462
639
161
360
491
375
722
232
48
667
71
183
229
134
543
174
554
352
636
23
134
308
55
583
134
615
498
41
678
266
15
125
90
631
284
608
451
148
421
599
312
177
534
557
612
305
188
638
417
533
77
565
288
343
286
578
364
539
140
553
509
592
594
139
408
88
60
581
108
480
459
16
117
613
648
684
580
74
478
607
99
150
249
476
687
346
524
41
468
667
670
423
75
148
543
110
200
449
27
43
240
383
293
338
481
162
253
649
174
540
306
132
66
361
639
567
96
127
199
495
140
307
121
164
85
316
407
471
591
466
39
276
592
123
550
60
600
446
492
674
245
292
512
6
455
107
273
664
652
579
104
494
471
217
21
406
397
194
170
330
411
224
482
370
283
662
660
193
340
529
363
339
398
280
510
366
330
612
93
131
688
95
311
358
381
580
322
30
419
585
68
207
287
585
572
215
491
563
373
553
189
582
452
363
451
118
170
154
253
85
474
54
450
337
30
503
609
443
472
129
463
625
484
631
48
662
600
518
287
671
482
515
478
49
199
307
556
54
338
172
390
346
17
453
99
499
600
109
317
613
344
228
278
269
501
393
531
268
358
82
513
454
391
312
298
431
449
115
380
586
201
233
105
564
125
431
173
283
182
252
162
113
591
113
563
635
101
188
511
650
94
185
348
193
596
354
357
251
238
348
579
376
135
114
410
604
273
463
142
289
6
64
1
424
497
134
130
625
176
105
277
323
44
295
234
16
53
131
10
150
434
57
437
434
255
359
99
164
575
371
259
135
28
133
440
399
50
325
508
514
39
555
407
488
449
464
605
199
325
202
55
545
125
252
605
403
632
601
405
229
6
37
331
469
258
145
640
180
259
564
592
165
98
308
593
460
49
105
40
329
160
582
564
157
503
365
125
76
443
603
155
129
626
458
396
28
291
623
562
106
41
244
324
162
225
72
503
198
253
175
381
138
73
557
585
6
622
601
487
94
650
263
49
114
16
117
257
569
293
193
117
641
447
353
597
695
347
313
521
355
617
600
35
366
168
75
40
164
128
518
315
415
575
60
486
582
120
28
174
72
224
355
373
523
141
265
511
86
431
597
382
467
231
564
40
370
394
31
118
194
347
414
81
223
417
495
274
481
47
102
689
396
134
534
309
520
582
535
633
474
459
127
579
532
171
414
359
308
522
506
531
464
8
174
531
501
80
92
352
341
584
142
310
478
45
653
390
244
153
250
265
363
507
5
135
252
570
138
348
162
147
465
496
314
59
154
563
261
318
554
244
157
439
332
409
693
282
33
415
621
652
539
704
398
75
7
254
293
337
84
127
599
89
582
402
261
403
365
433
323
265
138
254
123
395
575
542
154
111
260
82
376
26
166
478
13
478
731
103
500
535
61
259
422
6
581
595
172
455
271
505
187
720
552
452
516
309
292
214
282
5
171
26
168
329
509
203
38
156
105
239
409
456
554
265
139
281
445
474
372
559
373
576
470
17
272
265
207
186
266
358
380
310
463
119
158
569
487
16
436
86
262
316
384
265
439
565
101
64
520
42
179
295
352
596
140
669
397
22
195
538
323
511
520
433
417
332
440
507
585
136
406
514
289
511
640
407
85
188
550
70
129
366
215
102
81
405
519
518
6
217
69
355
621
176
337
432
189
357
498
369
398
156
144
400
382
634
549
457
190
309
462
597
222
587
253
42
207
515
164
474
110
411
540
387
346
565
647
196
61
680
676
224
541
273
636
651
147
286
306
270
23
289
293
348
563
274
33
362
482
494
479
476
431
686
288
32
286
490
555
108
167
227
188
470
224
436
339
338
627
10
425
93
343
58
309
393
162
422
341
720
11
435
106
442
496
69
99
444
147
415
139
498
151
192
589
492
570
3
603
376
487
267
366
408
229
37
564
89
343
365
491
91
135
141
245
435
76
72
271
210
451
372
317
81
85
429
457
15
537
444
253
632
570
8
355
263
593
274
452
2
303
252
668
378
489
313
254
606
495
85
56
226
699
612
13
85
85
473
206
69
259
139
385
517
525
509
143
474
220
437
540
61
45
582
235
44
472
99
25
108
263
271
529
241
478
81
33
30
469
563
680
77
213
120
9
622
268
413
239
530
667
681
719
551
156
374
110
312
307
231
177
463
107
616
46
206
123
524
455
368
84
628
333
270
192
632
349
61
219
447
41
422
83
483
430
93
755
14
406
661
62
138
26
505
253
154
161
345
609
439
146
402
595
296
184
228
471
246
105
64
379
619
212
144
486
244
167
534
503
191
128
199
143
334
468
185
345
98
18
209
187
400
493
10
332
639
429
27
27
349
196
577
446
503
464
345
16
407
516
559
85
525
624
487
513
193
50
229
549
342
11
11
96
107
201
538
207
49
420
397
642
183
451
628
553
238
617
58
268
266
171
556
108
184
116
696
191
657
331
374
418
190
267
317
440
362
439
93
120
136
620
509
339
291
220
240
224
508
384
216
23
404
175
395
215
406
395
545
363
105
85
198
607
551
463
562
237
393
519
621
107
139
426
240
303
553
103
333
378
153
518
672
546
147
552
188
387
277
443
620
581
676
32
17
554
543
400
487
385
566
385
608
404
165
382
236
224
407
470
581
231
571
566
542
574
332
29
78
110
303
221
196
639
358
26
437
295
420
498
141
628
626
540
67
415
21
170
369
451
644
46
225
201
315
316
293
133
259
615
149
222
289
154
99
389
460
524
138
245
451
356
140
29
84
187
477
300
164
34
547
213
504
373
114
603
256
564
517
60
542
190
159
506
681
47
11
530
132
413
227
104
335
353
213
25
108
616
78
569
17
17
369
519
122
604
671
154
529
395
675
474
106
100
124
534
113
542
109
380
620
393
363
403
29
333
641
16
44
503
120
625
449
610
629
568
280
600
330
417
69
306
553
65
487
176
334
577
339
439
587
7
60
309
309
16
68
227
539
323
543
287
75
635
31
258
110
26
656
95
248