235
458
499
71
616
354
355
183
448
144
101
417
218
38
584
582
114
145
102
237
279
19
128
66
581
544
348
184
405
636
29
459
114
226
24
38
37
611
450
377
243
531
622
374
172
577
65
277
573
520
208
169
501
439
539
10
373
333
95
296
79
152
52
531
372
265
156
476
561
122
483
382
148
258
389
272
68
540
64
124
223
153
531
96
169
482
77
282
165
89
78
209
211
526
381
134
136
523
248
108
627
299
649
339
449
282
409
125
482
148
294
651
248
367
202
415
450
546
84
553
87
106
75
137
16
21
545
427
17
589
309
257
497
35
299
484
112
610
338
476
153
341
59
266
598
537
609
140
305
158
201
360
103
401
467
102
607
357
475
116
594
188
614
700
632
577
184
282
269
410
331
151
42
540
185
210
118
584
125
69
90
75
610
618
25
541
537
41
455
531
402
540
341
98
247
156
203
56
247
396
630
572
278
123
496
213
388
363
509
141
377
380
281
117
162
329
153
587
10
38
517
527
268
552
215
167
403
30
420
96
596
239
224
458
92
15
563
503
655
382
86
613
10
150
49
269
481
132
481
180
272
564
25
341
623
290
389
36
45
690
501
664
645
81
141
72
672
122
296
184
307
337
107
655
549
324
403
149
213
222
191
322
324
241
36
347
557
304
196
10
436
288
211
287
636
278
129
10
531
494
353
452
297
559
530
451
369
90
359
114
107
89
306
529
478
534
75
443
396
561
487
220
199
579
255
640
314
14
169
474
286
226
419
177
345
473
75
227
243
368
328
37
32
91
111
125
210
399
437
55
193
565
463
576
554
192
146
204
560
414
332
194
165
574
469
379
209
401
289
562
540
635
421
436
281
617
324
658
8
101
541
638
669
382
157
578
457
179
250
465
532
434
89
503
273
313
471
253
363
192
217
107
33
386
99
616
15
480
320
155
34
562
524
365
474
597
307
114
171
307
32
25
388
299
64
397
588
604
30
253
318
656
364
588
87
245
73
170
429
410
250
597
357
626
162
276
251
208
36
301
300
524
439
498
280
13
636
588
380
189
112
637
599
304
355
63
138
21
7
137
34
39
435
286
566
236
282
240
201
486
586
511
110
334
463
29
220
107
304
268
207
36
72
568
107
569
501
37
545
398
557
160
135
601
56
409
210
75
500
178
509
685
218
140
298
280
22
314
329
118
460
686
44
159
50
488
558
289
421
14
295
18
55
588
347
242
423
186
419
301
427
39
162
177
184
181
362
498
252
551
275
321
426
432
52
194
533
358
86
519
624
165
24
510
351
478
519
422
171
619
337
334
43
577
287
292
160
563
431
449
320
437
540
660