888
1387
1074
892
847
1222
434
1554
247
1642
284
870
1548
1527
30
725
705
216
114
1303
1141
1516
1523
348
910
590
1520
1027
766
349
713
1153
1106
1142
1611
1538
749
1337
221
994
528
1381
1005
512
1416
86
1147
802
618
1606
418
876
723
679
1081
374
1478
619
1624
777
1339
655
999
788
366
198
195
1393
1623
113
955
931
1294
1390
91
129
209
417
595
394
997
812
202
594
1043
1392
356
650
303
1034
238
580
430
1277
545
557
809
108
83
800
1447
1002
322
1551
1466
1382
682
468
1296
954
1525
1677
1078
867
76
268
1079
1554
1459
1401
130
922
854
781
148
591
1621
9
1178
1673
332
732
1520
1388
918
416
1567
1007
212
982
135
1151
175
1573
1090
1168
601
1639
1108
1005
875
1188
604
1691
923
898
670
1195
1037
749
210
830
1033
1692
1411
1223
1254
804
1306
480
389
1034
1165
867
1197
733
1659
302
1067
159
1262
1423
1072
522
884
830
182
727
881
326
1201
1609
1553
1391
1228
1142
651
20
958
1426
803
1470
351
719
154
293
1021
1511
1126
5
1234
1617
157
1206
1470
1314
1026
1710
382
1238
649
967
33
201
616
772
534
1284
1176
1519
1565
41
1523
1120
789
832
451
895
1018
1313
672
507
278
1545
741
715
826
523
493
1637
855
612
1517
1193
501
301
1226
696
1490
815
606
509
906
345
992
248
947
136
1058
457
998
1502
289
835
771
1489
784
1390
631
1074
17
60
1030
1235
1185
133
1357
1294
862
25
511
935
174
1157
1002
477
1605
9
1614
1391
1567
917
891
1500
538
625
894
1268
1611
1676
1139
270
282
566
1620
1602
173
212
1271
515
1432
441
1686
798
1085
644
227
119
1604
464
1034
1104
1396
1108
1306
505
1611
1496
867
1612
383
747
53
270
1569
147
1384
141
1435
1069
1014
1231
722
341
1279
760
10
729
1046
144
787
485
89
1480
1289
831
1020
363
690
367
232
278
752
1567
1134
70
939
791
112
187
945
157
1609
755
1092
1619
798
863
439
460
909
1545
958
471
582
1278
747
388
171
1489
208
914
196
1097
242
848
927
602
1023
1253
1422
1388
66
291
412
729
1532
1356
1643
410
931
1623
1055
415
861
1091
505
92
839
429
1036
1427
9
1053
963
1171
83
135
332
1290
32
683
242
1554
893
169
1189
553
1567
1579
1112
581
1246
3
286
1392
486
553
1076
1506
790
685
491
648
1380
1184
914
886
1200
1480
970
362
1419
57
329
435
689
1551
975
954
1307
419
365
1494
1481
995
1447
491
219
476
1229
1349
121
1235
332
1557
286
961
1529
755
114
1055
233
1243
1221
269
274
1238
365
1540
770
1389
1568
180
107
879
300
17
1272
1498
1233
49
843
1011
496
99
779
649
954
1405
1293
1511
281
156
1402
1290
1525
1512
877
785
1199
474
1454
1189
1660
645
535
888
77
1546
1510
1089
1479
1274
635
968
584
449
68
223
863
477
1094
584
413
997
1315
853
1302
1335
1335
979
746
1149
483
1171
746
280
1534
627
57
304
981
377
1045
423
1344
867
891
1465
936
1253
1086
1024
169
1476
655
433
636
1391
937
1420
1075
1442
812
612
550
29
1259
66
333
144
1452
466
299
1629
1387
1354
475
923
737
1438
878
1378
202
1121
1534
1459
184
106
1170
573
736
693
984
110
1578
952
414
945
510
97
155
346
135
467
556
653
728
707
835
1227
476
1110
763
922
187
1044
1534
1226
56
1126
1449
622
163
225
1345
321
1154
125
1260
1153
884
800
736
778
36
1222
996
594
830
227
1572
301
303
123
697
407
295
1558
75
583
1111
707
1180
427
980
2
187
590
175
698
224
272
1163
341
1161
358
284
1010
750
981
1054
917
1590
440
1044
961
615
1301
1234
1214
531
395
837
13
902
689
634
1144
261
153
1701
319
1088
904
1656
228
168
1385
401
170
393
1514
484
565
924
1115
614
378
1249
34
548
1094
1077
161
1519
421
1521
1318
1135
1612
957
1136
10
1552
570
359
1466
1370
1622
201
1021
1168
837
1163
1375
536
272
83
73
1509
1443
833
1273
154
1231
1541
1442
70
476
216
1537
1198
25
1403
170
1217
617
1085
41
284
301
778
1553
276
514
1611
267
1691
348
352
474
418
1364
701
171
811
407
1607
376
1126
846
59
461
580
703
464
1193
1611
1198
592
1043
210
432
8
273
1474
1612
852
1694
264
1521
37
1083
1149
1087
435
1548
211
1200
292
208
356
592
853
453
671
139
837
1354
1293
1023
77
585
190
1129
1714
594
1535
8
873
1008
1090
177
121
637
8
1568
1514
1325
1202
1614
536
1113
309
1416
1589
1134
795
571
118
1457
409
64
535
185
1237
156
1200
1395
1589
1498
667
370
1630
1239
476
1267
936
1120
191
307
769
755
1560
146
1285
1001
1569
73
92
290
1464
494
46
6
544
1367
503
670
1129
1509
603
1084
223
1623
392
1448
1629
30
874
549
1378
74
376
590
117
851
817
1534
252
1334
1133
1671
1481
154
1622
498
1650
542
297
79
1445
854
1312
578
223
305
773
731
694
1530
1275
1533
1589
1563
1306
453
1027
460
665
443
638
247
839
1606
1505
932
1017
1157
1416
1408
210
1354
527
705
528
499
599
826
625
77
135
23
1426
1460
300
1417
1257
1601
488
529
371
1065
752
1574
558
1517
186
291
560
549
1067
403
964
477
1198
149
1394
229
1418
1220
569
500
1610
409
1386
653
1604
99
1025
1415
1363
1498
575
236
279
328
1474
18
310
1457
1610
612
676
362
883
593
411
477
751
1558
1359
940
862
827
1290
1331
861
1029
882
21
1098
1265
911
398
1459
829
1003
1183
1377
459
1519
668
455
353
263
585
983
724
1316
1600
388
738
305
583
1538
449
498
159
33
36
820
1304
353
365
803
345
1479
1152
1045
1244
201
709
504
1042
471
691
814
1183
394
1120
444
1002
188
1305
307
344
529
1008
924
483
963
507
963
1207
953
570
980
558
935
950
1508
618
1041
841
1418
510
1111
851
144
1317
1198
1110
1304
471
806
175
366
646
1137
927
1576
717
684
14
4
271
1569
606
1251
313
351
1355
1389
198
920
1411
417
996
1122
1405
747
124
635
1424
873
1613
818
664
505
852
361
1147
573
854
1342
792
320
925
1133
277
751
1514
1476
394
1688
1366
362
331
1171
1049
617
2
528
55
319
933
1160
614
806
97
978
825
1296
1485
1342
272
817
450
504
436
1088
1277
613
637
780
668
537
1293
984
1401
162
915
997
1420
982
232
952
973
1142
585
1618
1621
1438
1104
349
1640
232
1436
165
606
860
1055
110
1114
374
1358
283
1530
1520
1250
786
309
954
269
415
1731
1198
439
145
613
160
1538
1280
962
1061
700
238
990
596
1347
582
1428
686
1344
1620
1314
5
202
108
1544
1655
266
478
1440
1207
429
1224
39
479
1427
479
863
869
758
638
217
1660
627
547
1705
745
915
1283
55
142
375
877
579
727
1485
278
565
236
757
418
688
246
1154
1541
402
783
1168
1000
1250
782
1380
1474
520
30
1405
461
1067
297
322
299
1263
1468
911
1474
505
627
343
1582
404
1528
1625
761
1687
85
406
984
1346
368
137
430
1012
1237
1692
188
956
434
492
593
1634
1243
503
764
1321
1499
543
500
543
1108
1473
1106
538
1641
217
1701
1512
1085
469
673
966
859
284
990
1508
137
1530
546
299
528
874
1179
1227
903
1171
622
1053
1323
415
1331
628
1399
809
847
1130
307
710
1129
302
505
1592
1295
1060
1407
1157
323
1193
1497
1282
1520
1252
1218
1303
346
1653
72
1327
835
251
76
1561
187
984
1382
1120
1508
1158
1253
1137
1136
1042
1069
310
1021
148
1145
314
787
1140
846
1134
1277
228
933
970
416
145
1455
17
881
204
422
526
539
1165
778
881
1158
1017
718
1232
887
254
33
1296
308
328
1319
591
482
473
723
464
1097
889
499
622
971
666
1277
616
1241
1455
723
364
1654
309
1121
269
1009
1372
719
1495
889
967
362
1014
585
1409
1655
710
779
970
748
836
7
1056
802
528
951
616
352
1296
861
176
1219
1635
940
747
787
1134
845
1387
1027
1580
374
1386
1198
149
984
704
907
1303
864
1377
1290
650
184
1541
856
135
945
168
332
575
1099
538
911
108
268
905
382
1245
1608
133
723
915
896
4
63
809
1149
1173
78
977
430
941
1231
1096
990
43
115
606
500
90
682
226
1411
743
1305
1477
1036
1213
1106
297
1356
801
329
1463
1185
1414
1526
1158
560
1649
1172
445
661
1167
974
827
1424
1439
826
724
988
1211
1256
33
134
1198
968
825
1510
257
1470
289
1595
829
1429
539
462
870
53
145
273
1239
121
852
155
511
582
860
1448
1113
214
1296
35
769
244
521
646
1356
821
819
1035
1245
339
682
1656
279
384
120
914
245
979
1000
1083
433
257
701
907
1405
934
1139
1167
644
975
260
529
1055
1613
486
553
268
40
1467
106
325
1478
487
941
38
1707
87
849
648
960
8
326
1355
592
1561
931
101
292
256
971
531
627
1288
674
486
1392
7
1059
483
1271
952
1107
1152
562
1021
1637
946
1370
223
628
870
920
1299
1168
861
265
373
676
158
598
1699
346
710
1725
1448
1458
1555
402
1274
279
1580
1145
576
1531
1298
258
1454
1244
100
376
633
1212
1024
1055
956
1040
1482
1275
18
322
57
605
1106
575
1240
1572
1099
41
933
105
1309
1062
185
497
1497
82
1095
537
983
670
1534
538
1497
384
564
336
481
309
618
1231
361
382
622
328
824
1324
584
420
278
1575
64
372
914
361
615
1096
200
722
924
877
855
792
1573
1195
406
435
760
203
890
169
944
154
1106
1516
1302
273
1276
1542
1316
1118
94
1611
887
1580
755
844
1320
1615
1173
1461
1455
399
1418
455
468
417
300
1572
915
362
803
1355
851
1345
1095
1560
135
13
1578
1260
1565
713
1454
1184
586
279
1083
919
1509
1207
813
225
710
247
417
1057
1232
26
214
1363
1541
850
1603
1373
410
1235
65
1430
868
869
232
212
95
390
1569
1294
1434
192
643
1265
1091
130
1268
1584
789
572
1317
757
619
965
425
351
1568
1162
705
1255
226
447
903
226
1208
954
790
259
83
124
1625
1027
1489
1588
682
1395
1486
331
1334
1004
363
1585
667
465
1680
163
441
1239
708
726
1463
1016
618
600
776
1543
180
257
646
1174
1586
1461
435
1282
1003
1378
671
1062
671
198
1429
1178
1369
53
1273
262
302
365
582
16
186
1452
391
225
462
1646
1026
1699
1265
814
191
1593
1281
1070
930
5
979
1281
1408
1449
1167
559
1438
1042
103
127
883
1139
565
1031
1467
1160
189
966
78
1207
797
21
1065
634
1414
212
575
1040
139
100
11
263
1518
1482
33
88
1574
1544
275
390
1614
133
1660
967
1212
727
746
960
1251
59
822
721
1045
1627
1311
525
890
197
1231
1601
884
179
1169
399
1495
161
502
714
675
297
362
80
489
1116
771
363
1550
1456
413
628
199
784
881
1434
1469
546
51
19
852
916
392
1348
777
67
1401
1464
858
89
52
1337
8
818
447
383
134
1543
57
1371
679
731
1461
589
1436
864
85
218
1205
1421
1542
350
1471
1484
1559
973
1435
1392
1579
751
993
932
398
538
268
230
813
1161
579
1617
695
1012
1025
287
102
572
501
791
1302
262
1041
1517
1633
141
1040
1066
162
1085
714
168
162
283
1261
945
1570
1292
942
295
1074
1023
1467
1094
440
1638
1261
401
750
705
1304
251
1655
1440
199
1487
364
737
1209
1369
599
781
731
965
177
1596
576
1259
1536
1594
234
1131
1312
1648
42
1512
385
425
737
278
817
955
778
99
552
284
1172
806
901
1533
1531
969
422
1580
1564
1067
342
1155
1695
987
567
424
954
1010
1585
1487
1197
273
829
301
1313
1027
1194
55
49
1562
1353
565
1638
618
864
1492
1458
431
1079
1079
355
1261
612
1532
1607
318
1244
586
1662
541
1614
1252
1535
574
1594
783
896
404
683
371
1409
675
485
933
272
1588
820
1507
1468
465
848
123
1470
853
1601
313
809
1075
1569
93
1181
1257
835
1533
939
582
601
73
357
123
1477
753
36
1156
1120
375
717
1167
1149
260
1597
65
869
875
1498
905
734
1158
84
1322
968
101
482
1482
821
82
812
741
1029
628
1393
65
1005
1150
913
187
342
563
890
1208
522
35
233
1074
1173
360
1245
616
1399
532
1554
955
1453
682
4
253
296
284
898
1542
1321
516
791
256
1028
481
1512
1571
1294
102
556
1049
173
1655
1640
1127
1056
230
1654
1156
1580
273
636
1257
542
354
138
1194
1006
386
1165
862
648
744
74
762
1309
337
816
1075
121
1302
392
984
38
1591
968
1506
783
887
1610
1059
506
1628
22
1415
399
1536
253
683
1519
392
39
965
314
885
1349
1333
408
1661
84
1073
872
1135
1555
528
314
1101
120
769
1480
959
428
1691
603
1
119
1226
114
756
1339
534
660
138
274
1284
1438
357
1325
1366
646
393
464
453
259
1272
30
239
1166
611
1351
238
410
1390
493
1002
1226
1179
723
1590
1231
696
1068
72
1009
638
1258
1408
1182
739
824
564
1450
553
531
1241
1390
914
812
797
1013
1589
550
330
790
743
419
1232
747
849
675
482
420
1379
1480
1571
1520
937
1063
614
413
126
891
772
1201
1394
686
945
196