377
95
756
1063
1425
961
352
20
1115
430
827
891
272
99
1119
1583
1124
161
1325
1070
1566
142
760
1638
1171
1356
1490
1229
647
119
124
1429
726
979
1295
1291
1513
1389
1451
501
344
1547
332
775
421
595
1629
124
549
206
1139
757
1649
277
914
763
1272
30
836
767
263
1200
1427
856
420
1264
71
1295
493
13
1133
1124
772
1211
197
1318
741
687
561
1524
772
764
481
179
380
1378
1259
125
425
389
319
314
355
949
1139
747
865
827
1397
816
1577
693
673
1012
416
55
1001
32
366
432
438
26
519
1018
1177
665
1302
371
557
1020
785
114
1111
1183
302
226
1593
1380
1442
1488
846
357
179
332
115
228
966
822
1670
83
51
1243
510
1190
683
786
56
462
1213
473
838
1630
1096
1126
1376
1473
1529
532
824
650
815
34
357
406
322
1169
1193
1398
1630
597
986
575
1316
571
272
249
1323
1192
402
556
1025
1348
757
1148
1158
110
1251
764
1656
938
19
892
621
1370
874
321
557
632
1051
1210
1209
1024
74
501
102
909
939
1477
1114
420
394
355
1108
1399
1300
1479
723
1363
1170
109
306
58
325
165
1641
390
1429
178
361
1575
822
321
1015
1219
56
618
1381
1453
1521
1486
1676
1358
1137
704
1336
1584
1272
885
53
596
1412
1344
756
1242
393
1492
1102
437
1550
1075
479
63
421
1175
456
631
1380
1716
1457
116
1606
126
904
761
433
1250
1111
1188
1320
1485
936
1211
582
797
715
641
1146
1730
965
1203
310
786
1009
1322
1103
1266
1492
897
381
1387
1315
1247
658
648
265
430
1528
1553
686
465
785
878
866
470
1183
406
1385
77
804
500
482
945
265
1538
315
165
1642
959
551
1418
1433
1220
1276
489
159
163
1274
1297
671
642
1067
723
788
1693
449
889
889
1460
1465
37
1506
492
1269
268
737
68
748
1045
1602
405
269
1561
375
324
1246
564
432
474
714
1121
1425
876
1195
1472
543
1304
834
727
497
422
896
770
1469
221
391
14
404
1005
288
679
116
1235
1461
142
1518
1552
1229
1175
1717
799
452
875
543
27
208
477
686
904
960
453
573
602
1027
688
713
779
361
89
490
176
909
1061
407
828
230
787
433
1298
945
1083
1595
747
1450
421
1325
1281
515
116
1331
712
1614
1204
1087
1216
48
1324
29
1267
271
1205
1220
1315
1552
1538
38
1390
1569
1324
1484
1313
1314
1544
576
753
165
1004
1314
1660
1045
1502
1642
1057
247
1075
1629
765
1001
383
1267
754
944
1576
606
231
169
1335
1224
470
342
1585
1128
1106
789
1548
640
972
1430
1238
838
416
346
993
951
1411
1062
663
576
736
1014
22
722
205
222
282
186
858
992
496
195
323
445
916
556
375
825
342
1388
682
1203
1307
999
723
723
1133
303
1560
1030
1203
1200
503
134
288
1229
922
725
1398
654
1375
603
1448
814
838
1422
70
1485
61
1199
835
273
1552
1122
978
37
344
1100
468
699
105
83
95
1413
666
27
665
1385
766
1339
792
1682
911
1578
1638
510
1034
1300
720
401
1542
1291
933
873
749
48
311
550
314
105
1324
75
535
1293
357
735
419
90
1184
66
554
936
460
199
1148
1367
1267
1636
1675
1281
1534
308
1667
57
928
1478
1503
1148
1436
1100
796
479
155
539
240
1247
706
1562
1392
844
1234
340
1445
24
1172
1081
20
1017
641
1436
1374
1442
1574
1317
607
994
281
26
1401
1370
36
1564
1621
552
1627
125
591
577
1197
760
623
1488
1297
307
1197
1268
106
529
967
23
725
639
1508
1004
865
620
1187
471
915
1395
1494
121
1038
259
1200
1554
542
1693
1395
445
1246
475
1129
416
1456
1161
43
796
875
1644
74
669
168
84
1442
845
827
544
406
1380
367
983
267
25
989
650
204
1557
1139
1589
230
1199
477
1155
659
1524
1600
1273
573
1295
1246
341
220
1612
1460
1523
1081
1030
490
1193
1555
262
1088
114
1345
1465
560
321
1639
321
1280
115
651
1228
470
784
1428
1013
731
59
1741
573
3
1510
1341
1272
1444
1058
447
1248
1608
1016
711
1075
84
657
818
161
381
1534
469
233
130
1678
270
24
1133
1059
770
1301
34
567
1674
1385
234
844
361
651
1146
765
1306
1386
977
807
1507
1229
1421
83
657
939
185
1308
1625
1365
543
510
1397
642
1227
1703
552
633
339
1603
804
778
199
328
1189
307
1096
1350
1591
533
659
832
1187
222
445
160
1038
755
1131
529
254
331
248
146
852
1336
879
916
265
795
947
1360
798
789
1022
864
731
1296
1649
466
159
215
1470
1185
1125
126
998
533
541
65
523
565
660
1482
1595
1016
1462
1284
865
1160
362
1208
1365
1381
527
1267
1215
166
318
355
179
1437
1061
57
1217
387
368
1405
199
59
1544
1071
1521
1104
877
1680
1480
53
1101
1277
180
1540
1280
1210
385
181
1090
1229
63
1157
201
770
1274
1116
1031
1010
1615
710
1152
1139
1372
1137
433
948
1011
1180
599
15
1529
1226
1636
1305
1469
681
888
584
112
132
647
793
319
1339
1197
117
886
1242
1590
89
204
673
739
695
347
685
989
917
1355
1152
1344
1450
1406
1276
378
1717
309
1443
792
524
1571
63
1021
592
109
1383
667
1689
262
265
1649
37
209
948
1718
394
494
19
1034
1346
1426
614
174
101
434
25
1643
1313
1038
950
1316
493
1091
767
822
318
859
1180
55
1399
551
1021
669
531
1098
884
260
921
707
252
154
622
1455
263
224
1519
309
866
973
403
160
1418
1499
1087
63
771
723
57
215
687
1439
1394
173
851
377
1250
574
341
250
157
1454
281
216
631
210
1250
1105
312
253
477
722
691
431
1203
1505
1248
1188
439
1497
882
376
1190
1271
1474
311
133
5
681
123
1266
329
396
1155
223
1062
1291
13
1651
1046
1585
282
1252
1380
828
1542
971
889
1408
500
1142
313
1628
788
1069
530
1547
350
327
1364
1310
430
836
495
777
754
387
988
1234
1480
1060
1016
1100
1099
1475
187
83
983
713
1328
1022
1565
824
215
457
66
1248
1032
708
1202
1309
437
321
558
171
82
329
668
476
1049
316
627
1010
490
1580
573
19
103
366
675
1566
343
598
1398
144
248
888
66
1366
1489
1266
41
8
234
1405
625
252
102
133
699
631
715
961
807
1378
739
1484
494
66
471
809
157
821
894
586
418
1106
143
515
976
233
449
58
1026
83
1133
582
1208
1170
537
1572
208
846
790
857
1342
615
1543
1564
50
1382
915
945
179
1430
80
365
57
911
789
1208
852
128
1347
5
666
700
1011
558
779
1660
710
29
592
986
1332
66
16
923
1221
1163
1040
101
1576
193
8
761
220
1278
641
521
1250
1043
1297
685
1354
1368
235
160
1567
1148
156
1589
1265
173
147
1680
183
252
145
1100
383
402
142
1557
931
637
1167
1185
1147
950
569
333
914
351
1422
1241
91
1006
771
818
1295
17
1334
975
896
949
900
862
35
156
1323
1563
882
610
188
269
1485
691
1392
160
1383
1546
50
688
426
1396
1298
883
824
407
1435
541
1186
840
1148
414
1007
1212
854
248
632
595
1009
1586
1623
508
1625
605
844
183
1225
1486
117
413
252
1241
1131
1530
1281
966
731
850
959
718
321
996
1102
1766
226
411
980
7
768
1636
755
370
257
509
39
719
1514
639
517
463
64
567
521
1266
3
859
1436
414
64
1434
359
1117
176
1156
76
515
155
1608
829
1633
699
57
863
696
1612
1337
674
1459
721
942
663
1644
1341
990
398
1229
833
406
1042
301
1212
1635
351
702
3
664
394
1390
1184
837
772
726
1319
219
1472
1281
1176
136
1040
574
731
42
1589
1631
127
883
862
333
996
1565
685
1350
1483
1370
764
1093
863
406
964
411
522
474
1204
213
299
913
61
1400
1148
1199
1466
355
888
428
1238
27
982
98
247
1249
737
1014
172
253
1460
411
878
1317
885
310
603
1400
1405
734
1459
689
1147
895
1188
1063
1058
401
1267
44
1543
808
79
892
1639
872
961
58
1162
1543
1403
469
260
1011
839
1108
561
578
1599
1175
571
733
1500
480
406
933
749
127
1212
732
992
862
1503
1307
302
1503
909
930
1614
521
397
286
246
1216
287
771
300
668
692
611
1071
659
597
1339
889
882
1002
608
900
542
796
952
535
186
554
1300
1545
1019
1430
1298
1010
68
1501
1285
214
1299
1138
782
1264
800
1625
247
1262
1559
1355
1471
297
579
705
318
705
1361
925
1207
811
1045
927
1287
1567
727
1537
1309
364
162
117
160
182
1227
697
542
861
617
281
219
629
74
788
936
1214
1506
1370
1272
1587
987
1083
1065
813
310
1115
391
1584
284
775
721
699
65
1421
1163
520
896
807
1058
194
712
1343
1592
779
1403
783
1242
697
621
499
1244
976
179
96
303
372
1276
398
251
926
978
1273
387
1470
848
864
850
203
424
938
1188
638
1560
1194
496
1283
478
754
1619
1017
226
1175
698
337
1258
1347
428
259
717
250
1489
680
654
408
1440
1173
326
235
780
239
180
1214
1524
767
1098
848
1066
332
682
280
442
1285
834
974
1614
1237
1132
1045
848
1402
97
1286
661
1192
971
1138
548
268
288
1612
1172
1067
1478
1361
740
1017
510
867
23
553
458
819
1223
604
46
605
985
1090
553
548
64
636
1401
1099
129
1404
650
1081
134
1431
1596
754
279
1608
149
660
163
975
269
109
228
551
231
1547
774
404
1684
1485
876
1612
126
1462
678
786
585
480
1481
772
771
753
1624
336
765
423
1024
1334
199
1129
1133
1363
547
1652
967
1217
796
1743
294
894
702
312
220
1665
1050
387
65
52
312
1532
791
362
1204
1116
751
626
308
620
1218
835
1678
907
1305
1500
1273
482
1638
852
1572
1257
346
74
23
136
1480
1376
1619
1308
387
304
807
928
209
1387
890
431
1660
952
1180
1008
1261
1413
596
248
1660
208
1350
1134
9
332
909
1135
1370
488
852
981
989
584
111
1215
622
16
962
523
1671
444
1269
1103
364
3
196
731
1597
62
90
1574
641
171
649
677
548
537
1215
1341
404
1132
637
1298
558
1022
172
1037
869
763
1433
1140
1079
772
157
408
602
730
361
471
30
698
693
883
408
1028
509
1373
676
1268
994
428
498
84
1280
515
677
1568
285
130
9
421
959
1008
922
83
686
1392
499
1291
200
1104
1221
1323
738
1439
1485
1337
899
1321
1437
186
1325
1209
94
516
1432
1501
1456
1644
137
1593
1547
1395
1297
1641
834
411
1621
402
694
990
286
47
328
516
1348
1355
1485
881
499
1203
424
1248
270
865
501
230
834
1041
163
791
553
585
680
1078
231
243
748
1212
470
769
46
353
1107
959
389
1594
652
864
1127
354
520
1467
948
515
592
822
1354
903
240
1356
90
520
972
505
1232
881
181
1725
121
1060
410
676
71
758
254
710
119
1077
1619
1620
954
1577
939
527
1524
630
1378
280
1387
586
1541
965
1148
566
308
1249
1686
589
61
1121
797
857
558
573
500
149
698
1596
1406
353
163
942
611
632
282
464
1372
1043
1247
1407
1454
669
396
948
1305
127
1054
760
413
592
1332
168
492
1334
212
512
1163
1531
759
590
770
485
1092
306
970
776
637
1072
320
521
849
17
1569
491
675
1586
736
1661
134
1361
26
1014
1167
1220
91
94
1059
1237
16
1082
1107
89
283
1294
1265
1042
769
1497
353
49
1128
716
397
1224
1385
228
1587
1375
1236
1602
528
378
457
1618
1561
1682
514
1521
1197
1313
1029
684
1427
346
1513
1145
502
1550
286
150
956
287
1201
348
49
352
1176
934
1577
1085
410
877
1091
563
973
1346
148
175
183
672
617
443
926
1079
920
1697
1610
118
471
1161
664
454
702
248
65
194
325
1546
496
314
897
455
24
543
1446
139
479
475
1579
124
1265
1218
1394
1595
763
6
395
742
1083
771
1049
1537
878
1309
278
206
42
264
827
337
895
1050
614
940
887
1244
931
1037
913
662
6
1140
1013
304
1672
83
591
1423
641
342
232
1624
526
1500
1645
42
1478
1114
1530
1620
121
724
1661
1184
1162
1549
1065
958
1246
745
631
345
1476
623
1379
189
971
1050
1640
258
113
1292
202
694
1434
1106
1103
538
67
1404
1102
1109
521
1299
602
82
823
1243
532
1140
934
238
831
1205
267
1092
1564
1014
324
956
1064
652
985
1022
1154
665
151
154
399
27
187
696
470
1145
382
350
565
313
127
1015
1667
715
1313
616
231
1201
470
1437
824
1573
1462
415
395
434
632
1289
648
346
1670
939
206
1490
1521
1085
939
650
284
68
218
578
1394
186
880
31
1502
800
637
1377
1055
1583
928
366
1116
404
565
1031
1180
859
1529
323
15
831
701
385
515
1420
23
816
91
1259
38
1329
323
1708
173
355
1386
31
1528
249
772
875
1336
1182
709
1233
592
1396
174
747
1089
936
518
489
1000
509
290
509
1142
694
842
1132
213
252
689
155
424
1089
1377
1280
210
461
1534
1215
958
1195
466
868
615
1381
28
285
1170
1219
1317
695
133
1300
247
1692
1061
165
1389
125
1150
1614
444
459
416
938
177
1071
1607
979
132
439
714
657
1480
2
1113
981
1218
1408
1313
1383
479
97
279
1081
690
568
230
457
719
956
741
992
442
504
647
974
539
521
1232
309
1142
417
70
1461
337
118
1051
932
492
368
765
1146
896
898
19
880
515
1361
918
1092
820
107
771
307
220
570
191
870
734
1305
1507
142
1584
922
1318
1066
199
148
115
1510
163
218
1419
943
871
211
1541
34
1143
1396
88
107
494
1600
517
900
406
93
953
271
1377
291
1470
339
700
92
76
777
1592
1453
146
1202
137
540
616
611
243
150
1428
1223
31
546
1078
1073
479
321
939
1298
1636
681
1443
1094
865
877
1325
948
885
171
1021
1174
191
415
714
315
827
869
1282
1594
1440
145
1549
1295
354
688
1296
762
237
1070
1123
1064
174
827
11
463
1536
272
575
1610
665
1530
1367
801
565
86
775
212
89
1139
523
1064
442
724
1063
74
1043
557
230
155
386
1566
1560
1131
27
1652
938
1530
732
979
1529
186
218
757
1372
477
1539
55
361
1340
895
39
976
98
1057
189
1620
594
1040
545
589
799
1176
1576
998
714
1631
384
590
524
1225
934
625
1376
207
668
1014
634
987
201
1475
360
1330
489
1130
837
1247
1370
1261
751
496
1370
199
1146
1571
1364
884
226
305
508
198
1138
370
672
1010
1067
1396
1421
1412
797
391
425
1188
944
815
637
1392
1526
749
335
611
1030
1073
393
102
707
1184
153
1176
381
1176
763
478
415
1356
1584
1274
1484
295
267
498
1058
147
565
1304
53
1293
815
913
501
1197
1190
1575
829
881
395
1694
0
1087
1453
947
1087
666
1438
629
1234
1216
1124
214
1167
1523
726
62
151
1281
1549
1285
1178
617
1089
432
1152
838
1285
1414
840
226
969
1414
799
1298
1422
592
711
592
563
1292
2
454
1480
781
1517
1455
1120
1358
1175
1381
228
1196
1448
179
1194
1458
509
1517
945
772
291
1156
482
1604
1269
1174
1539
982
56
914
973
913
410
567
832
213
379
1234
1201
1430
1083
485
1251
31
1502
995
444
352
1454
687
222
608
1098
135
702
304
1062
1517
62
486
1466
594
912
98
76
1252
1577
1224
1559
911
85
734
810
427
1228
111
381
34
1591
66
257
161
305
1330
1541
404
1017
842
723
725
645
1003
586
970
668
960
1266
1250
1474
1430
290
54
899
198
1511
874
67
1529
380
1164
928
1009
638
1389
1229
224
409
1045
1373
615
1526
1305
806
271
198
777
847
651
1533
55
686
1375
1341
54
789
503
692
474
32
76
1096
201
286
1048
1597
1621
904
259
1382
661
10
1665
1142
55
793
930
387
1293
1066
380
1381
202
1051
1567
1036
34
262
504
1682
371
1253
973
213
1371
110
498
58
1298
443
1117
512
582
1389
1448
1198
218
6
382
953
1588
822
1230
1540
424
278
1325
1012
300
974
1065
1734
477
1157
712
1309
632
1
550
119
1264
344
1291
795
1311
251
120
1268
255
1447
1377
60
523
1585
1576
516
100
1361
1343
1232
1418
1329
154
1218
395
419
1196
1145
278
1160
1321
1361
1230
1630
460
244
1230
1342
1144
121
270
993
94
495
1452
292
1510
941
120
1276
1245
173
380
831
376
444
1251
1176
414
824
583
571
606
43
1394
329
1189
425
628
390
979
811
590
855
1594
341
1515
1595
1605
624
1313
1355
602
929
32
1097
255
228
186
1557
1685
1167
1196
84
765
1070
900
613
1425
1669
585
1249
1344
363
405
691
1188
1603
150
1373
1226
965
933
1469
1058
1429
471
662
298
871
513
1715
1515
740
1618
280
3
230
858
582
640
150
276
547
59
1743
797
1355
1272
1095
1115
1358
439
1095
933
1144
1071
45
1263
235
543
66
926
1209
1588
919
1035
916
532
913
406
217
1148
698
436
1266
739
1007
621
827
420
413
1247
1518
357
860
1428
1149
202
804
730
551
1061
521
1126
85
841
513
755
651
740
1124
1410
169
716
1059
1311
161
426
975
600
311
33
1209
1656
1228
1039
99
46
758
1455
333
860
1336
1444
763
238
294
1325
1160
45
1207
721
560
262
639
512
154
294
399
178
382
532
1281
1238
1253
1082
460
241
343
999
1095
1127
421
1520
792
574
1260
1496
1173
660
221
505
259
362
1481
924
692
989
727
1628
689
1378
928
1340
689
598
442
217
321
1210
810
679
581
783
1294
1152
997
781
726
1195
1302
147
993
721
135
1497
183
495
304
723
214
822
624
1479
176
1552
542
918
288
1531
1535
1481
461
1362
1273
885
198
1403
351
463
1173
992
333
1576
1086
1243
423
466
1136
878
620
893
796
236
1652
415
551
330
991
717
898
520
1389
789
460
253
1397
600
1647
1545
649
1621
1347
953
4
455
260
1560
81
1084
702
1518
1256
1455
528
382
1068
1180
1000
770
93
877
704
393
1100
1358
1430
385
567
1227
98
21
298
888
1161
1501
155
71
618
1089
241
358
802
1133
1280
715
1282
37
1086
313
1099
763
137
1086
723
1217
1210
1568
934
24
1024
1713
106
640
1003
63
310
1593
1261
279
1259
1391
1489
136
474
260
580
385
332
46
1421
1562
937
1171
1000
139
329
26
746
1693
336
443
1128
510
528
85
675
1480
710
1045
639
1302
1194
1551
584
21
1693
896
792
1169
1354
541
459
1538
354
1343
849
1050
467
1440
1244
1699
1207
391
1522
645
1213
863
1142
403
400
984
106
1184
201
1002
1695
277
765
211
1605
189
332
1471
776
1282
1619
1141
583
837
226
963
1537
1147
1058
1603
1014
1541
1525
1121
474
558
125
904
623
282
80
675
562
1023
1404
898
1081
555
1509
299
674
1337
766
854
313
720
263
387
643
1674
597
686
1066
1262
1054
428
854
16
604
605