62
330
492
348
155
406
363
102
548
227
79
412
129
344
597
468
479
610
112
483
279
343
45
532
312
263
17
95
618
318
433
91
439
363
482
539
87
295
145
3
255
610
367
333
413
645
28
518
53
398
218
85
592
474
155
407
622
171
515
58
522
611
551
145
618
14
359
431
63
302
73
164
297
400
331
661
29
514
223
540
221
554
418
278
380
66
298
594
4
526
120
537
150
543
190
331
209
121
548
581
272
157
458
350
388
227
530
372
150
64
142
376
8
52
285
688
248
607
255
208
683
260
150
6
148
183
589
397
451
447
503
64
187
71
29
216
261
84
313
666
512
402
187
501
163
323
382
136
131
125
106
288
186
513
429
532
502
536
624
374
191
486
56
367
468
581
118
661
630
479
354
677
227
569
704
233
344
644
314
68
47
163
697
4
63
375
385
594
160
614
675
462
35
140
329
274
23
494
383
551
394
506
623
178
395
457
388
489
235
94
46
207
608
107
207
412
317
641
110
84
98
569
196
573
633
319
492
667
372
226
431
249
232
548
622
158
188
200
77
86
500
564
284
406
679
503
520
107
510
553
653
199
213
118
349
548
397
308
505
360
258
130
475
132
122
572
281
633
512
500
344
339
36
425
199
583
600
417
628
459
228
565
402
152
419
243
189
551
608
5
130
512
413
181
350
466
500
477
598
448
410
425
195
263
603
119
28
256
668
515
151
58
530
7
682
164
657
500
265
180
601
36
443
207
593
247
435
240
29
168
25
426
539
26
661
539
642
627
395
693
493
496
645
367
453
538
300
568
234
525
176
102
590
560
249
557
166
594
240
322
205
443
369
150
511
84
27
235
253
686
44
402
282
641
464
429
456
284
404
331
266
2
190
584
429
90
510
93
138
460
246
115
140
177
265
562
308
504
145
464
639
242
342
646
323
531
112
54
38
52
69
511
291
587
603
419
84
487
420
250
402
102
369
618
603
192
180
565
466
124
142
70
119
171
99
249
262
568
683
352
464
189
632
56
144
131
586
597
102
357
244
532
86
227
242
146
58
270
327
325
569
353
370
33
139
201
428
459
254
298
589
508
283
8
145
291
581
482
165
146
190
214
443
231
10
317
150
43
98
318
573
45
322
570
418
258
277
193
261
364
611
443
233
144
302
448
356
469
241
420
504
178
22
86
195
632
378
123
94
266
173
227
265
6
458
501
53
318
556
152
692
30
309
477
171
563
127
613
456
550
524
32
359
200
364
640
260
592
206
580
3
186
403
509
267
36
350
1
62
523
535
642
595
628
520
362
203
180
182
506
138
541
263
146
675
19
489
456
532
202
222
469
146
67
101
171
511
426
62
220
428
453
337
363
27
369
268
184
206
443
594
474
558
498
260
457
123
499
430
304
481
507
94
66
601
540
659
134
383
545
166
224
322
510
84
338
412
222
530
169
266
473
116
442
323
601
96
545
248
462
206
100
555
381
655
592
23
519
289
648
360
319
96
336
427
289
293
418
477
115
410
412
277
449
423
603
90
264
474
632
557
383
628
517
357
95
501
413
466
63
55
500
551
189
596
113
326
39
442
579
247
243
513
703
178
607
122
383
468
248
653
91
609
575
372
64
603
166
365
283
395
620
429
321
476
554
406
7
493
535
214
15
266
488
456
617
5
130
144
383
250
75
631
26
186
362
288
511
276
315
532
246
183
559
14
53
168
606
222
436
641
516
315
425
240
300
110
551
134
58
16
341
111
312
437
90
455
110
187
257
400
30
119
152
151
467
310
568
334
290
7
323
469
29
512
275
391
97
79
399
287
298
481
309
348
321
503
425
480
539
625
361
230
313
159
267
332
322
547
508
327
390
94
307
384
503
492
640
83
478
454
290
639
212
106
76
118
408
312
591
472
520
376
384
38
23
478
271
59
150
95
528
220
465
143
442
404
370
404
279
123
194
382
313
386
215
453
642
464
230
317
356
365
380
385
254
27
617
556
67
176
435
371
499
305
544
195
533
304
482
424
565
378
380
215
263
420
360
454
250
589
384
22
379
240
611
574
570
265
538
17
494
360
364
116
208
303
87
108
564
661
408
533
456
589
439
252
434
266
112
214
175
107
583
612
551
193
179
423
379
288
627
48
530
231
269
101
340
156
63
558
639
374
17
73
369
233
49
419
72
124
114
114
241
617
61
527
222
81
249
232
362
187
251
649
19
645
359
628
90
280
265
392
58
666
147
497
445
248
197
422
296
336
71
540
607
415
306
98
161
440
278
188
547
297
546
270
230
87
272
543
542
281
494
414
349
27
465
162
577
126
263
476
589
408
636
460
218
566
681
536
461
503
579
68
35
676
44
386
572
135
626
634
52
283
618
173
522
161
519
259
329
536
419
369
266
355
276
629
385
34
511
307
289
167
387
331
575
602
309
234
672
154
271
2
249
135
681
183
58
47
649
514
272
23
247
319
73
151
83
213
316
501
358
680
455
510
552
553
667
636
412
231
537
44
385
570
240
155
347
316
235
326
206
29
300
373
447
428
239
396
574
468
529
582
133
357
393
497
646
57
592
601
403
544
403
80
489
302
549
662
446
284
366
636
240
109
170
264
478
604
586
250
259
563
528
529
609
118
477
90
118
673
339
58
40
580
344
531
221
499
78
541
340
275
94
265
574
413
94
592
48
300
149
35
627
666
132
517
177
365
305
246
53
187
250
440
243
38
581
49
491
536
629
190
214
248
118
44
412
344
523
602
530
37
202
276
334
21
451
226
316
563
478
323
285
205
84
229
150
378
253
167
106
253
406
136
98
612
334
561
568
72
213
144
663
552
596
47
546
128
161
459
224
515
753
250
494
401
309
509
564
219
524
122
0
633
555
352
430
583
641
384
440
470
560
505
641
544
80
54
458
88
620
474
597
697
368
321
127
436
211
624
544
149
608
487
376
237
637
464
465
248
617
19
493
135
104
8
24
36
63
195
488
394
141
397
318
20
355
71
92
564
624
285
485
604
348
599
292
369
463
523
382
429
362
518
327
320
103
293
213
364
581
370
168
139
402
75
401
221
358
635
279
623
166
351
239
503
489
623
134
508
650
487
293
693
60
284
151
476
569
207
260
278
505
252
365
502
212
193
636
542
475
241
168
460
52
545
546
234
581
472
45
402
254
140
517
283
7
106
302
400
406
372
518
597
507
286
677
180
596
155
145
162
290
204
478
375
506
156
103
364
334
217
102
358
523
196
98
424
533
616
257
454
275
227
193
45
402
521
366
482
396
476
266
487
648
351
613
298
174
472
545
447
340
571
498
562
454
244
6
662
594
183
682
549
550
309
336
222
405
190
481
285
75
367
645
185
671
127
706
371
9
529
488
563
130
362
271
36
132
193
308
207
8
110
145
388
562
488
327
620
149
47
590
348
197
487
418
416
498
403
652
592
55
92
65
590
5
366
454
537
41
390
268
270
58
75
379
637
186
609
107
5
445
628
297
557
266
437
412
189
56
200
128
6
49
551
444
679
260
524
706
21
559
401
44
330
254
34
74
205
620
444
583
470
162
664
324
254
354
298
599
140
84
23
215
557
460
469
317
509
3
192
549
95
108
489
223
163
212
282
519
196
513
97
370
465
375
642
568
1
252
181
459
498
86
522
13
227
122
361
511
652
160
241
568
138
9
188
22
87
363
313
466
481
109
136
221
616
714
247
150
490
225
376
495
345
357
567
543
668
449
374
450
452
91
67
3
356
192
423
618
556
119
77
124
209
655
423
20
540
305
542
305
573
648
91
358
180
161
256
480
73
579
185
2
434
346
311
646
673
588
84
495
632
186
511
371
706
258
257
436
480
700
385
389
159
546
185
702
368
224
0
495
194
636
570
669
326
507
693
247
147
202
545
654
588
663
86
55
152
488
588
48
667
561
255
153
378
571
377
576
431
383
392
27
169
212
110
462
629
202
118
138
680
316
663
544
1
151
142
132
1
525
638
416
231
391
290
50
587
167
565
176
37
364
600
360
598
198
171
14
506
483
397
431
676
231
69
429
611
196
473
382
219
60
326
162
392
379
206
273
390
462
541
213
535
3
168
360
3
108
722
216
520
161
435
505
563
660
95
49
462
483
630
541
15
430
23
167
196
489
585
5
373
679
90
651
6
295
585
356
99
308
310
82
493
323
355
87
319
211
53
59
506
120
491
520
242
115
174
487
582
452
412
323
494
631
483
543
523
371
200
54
392
136
275
360
155
553
401
195
270
137
285
487
323
179
515
540
378
589
133
9
466
126
397
519
556
294
197
449
613
526
644
653
635
418
407
268
191
586
627
405
547
265
328
438
228
518
184
341
663
39
407
343
373
96
272
272
276
99
489
126
260
152
346
55
491
362
282
77
492
345
90
290
586
464
224
374
294
167
338
40
540
274
496
602
448
104
163
540
33
15
163
96
335
285
641
6
60
445
225
326
417
202
490
122
618
628
24
317
62
88
496
530
467
475
372
490
174
373
80
274
96
643
376
85
530
399
470
613
290
275
345
366
1
126
385
25
357
121
354
305
303
285
646
78
25
359
88
548
126
377
461
234
574
388
399
538
598
627
553
601
387
586
59
259
47
24
95
593
294
143
487
561
547
622
104
389
270
21
14
611
41
211
530
383
326
86
645
540
314
400
163
128
423
630
230
436
32
536
312
361
215
223
606
19
544
47
247
644
143
626
554
650
297
342
56
84
316
21
40
588
199
158
326
375
201
340
377
280
177
225
150
353
281
508
244
49
376
219
145
60
570
497
42
257
29
472
512
171
257
83
624
711
70
176
164
496
391
124
56
500
484
160
97
306
601
219
3
557
534
142
236
108
149
542
101
487
246
516
178
5
153
54
615
246
640
625
157
425
180
296
213
506
74
394
606
67
242
277
54
66
292
378
53
335
364
78
418
40
537
207
68
641
226
70
573
332
178
401
561
87
616
172
357
452
249
58
577
356
221
396
333
554
454
598
237
688
528
502
547
603
20
128
15
44
192
483
518
606
671
476
383
213
481
159
169
353
304
95
628
631
291
25
464
179
334
500
332
526
432
230
627
363
580
42
418
331
615
220
412
337
104
721
463
657
378
521
198
578
78
503
285
212
362
543
470
137
39
631
293
486
370
303
259
500
234
37
66
480
151
391
134
473
157
558
608
136