298
1677
611
664
1520
292
619
1178
418
1396
501
1173
363
393
1335
1051
649
1040
1216
269
816
1305
663
412
1250
737
729
1265
566
1386
710
616
1112
794
1463
94
1045
1650
1133
1650
1064
313
1065
622
1676
820
665
1545
244
1583
165
1401
154
1540
1100
839
520
640
1244
298
1538
939
1562
403
72
1209
172
1072
776
504
154
1084
1365
1358
650
385
223
1634
976
14
122
227
1477
7
761
538
522
198
447
582
1086
114
500
686
136
1260
894
1472
1325
1043
708
1384
281
561
1366
285
962
1011
708
891
1082
214
565
271
1215
1628
770
223
1462
417
1555
97
1338
344
313
555
978
105
408
1504
1449
757
502
1323
1600
756
312
463
1297
993
842
633
488
1663
225
1065
1592
162
467
1034
1164
830
621
327
1049
28
889
870
1375
716
1186
250
1287
1250
1103
1187
496
1218
973
241
1244
1049
458
102
241
679
244
118
1495
1560
1473
304
1208
753
791
899
1363
1014
1009
431
1274
1223
1159
322
535
539
836
151
507
296
772
1082
1050
724
1062
410
1017
568
1518
678
883
1132
284
117
218
1530
827
1082
532
1279
481
1591
1476
723
1312
377
1176
842
652
632
928
675
730
1607
1330
1006
430
512
448
884
110
267
738
928
628
1647
531
23
1174
303
1619
1418
1021
314
982
178
358
36
1139
1526
236
27
1210
1291
161
1527
164
406
1493
1231
319
100
254
935
113
804
1626
1394
303
176
998
1184
1440
566
1519
283
998
270
436
433
546
547
1249
102
677
1349
1446
135
706
1576
945
660
1205
27
734
745
1179
131
902
951
164
700
1372
775
1703
445
1045
885
1364
1510
185
276
295
825
121
731
348
1689
895
551
1422
1350
1583
1245
149
19
1582
614
768
1259
652
800
1217
1594
1240
1332
462
614
1073
1250
269
707
513
1102
1536
28
776
1318
1063
1110
505
1438
169
774
646
627
685
570
65
1396
17
1623
594
182
298
1015
225
1308
571
360
1068
657
1477
1449
1202
1600
986
162
1569
51
1488
1046
1014
540
986
34
1031
767
1265
533
441
1295
412
1608
134
1623
101
1677
1094
428
365
169
1077
1562
495
1185
900
550
151
1083
32
1702
833
483
1223
1120
529
483
870
1631
528
43
329
454
829
1643
386
606
581
1122
1576
829
1249
183
107
627
271
1493
74
1210
552
591
1128
759
523
158
1233
1215
1451
530
1350
438
419
843
1677
935
102
799
1429
655
550
1466
1107
198
381
855
1445
1450
217
854
425
1102
642
927
1495
868
584
1651
623
986
822
811
760
637
1522
1558
607
1541
405
279
106
180
1080
494
1260
1555
1315
1519
459
555
847
857
144
98
532
461
1103
227
1466
1695
550
1001
51
1483
1270
1566
3
475
105
984
650
1304
272
1153
1368
986
466
1121
87
1539
1685
1561
1482
447
273
1124
1482
1552
699
400
201
23
185
165
798
783
389
206
1348
967
163
210
340
868
382
0
973
1163
981
4
115
1308
980
216
1608
1132
1250
196
1083
166
1218
1527
1427
252
416
1204
1578
347
153
1180
888
69
451
1082
1602
1038
1213
500
808
1191
1428
800
1479
1627
1346
147
392
1122
56
1490
167
1169
1282
1308
810
428
1209
184
627
1597
409
165
737
552
70
823
1506
830
36
52
1563
1122
1532
252
983
829
632
866
674
1178
351
104
954
768
179
1233
1447
1553
1494
1184
1564
1647
164
127
752
1344
617
1009
1366
1692
474
112
1714
1097
863
349
675
1403
1605
702
824
1084
5
1690
1589
576
383
112
1396
848
1653
732
1468
1167
286
905
447
942
321
680
915
736
1577
1191
501
1358
1047
1100
1251
77
1342
34
70
1304
1630
667
931
1317
510
1154
961
38
1195
1538
592
575
1166
295
1645
1301
901
980
1102
1222
1346
426
12
1552
1070
131
250
213
942
458
1075
574
1455
85
868
841
445
1317
1598
1514
1244
1458
1530
474
1104
166
1545
838
970
553
1474
567
87
584
1414
1373
646
95
739
387
1193
1489
1576
1037
617
1218
767
120
1629
317
109
1565
1152
648
407
935
609
6
798
763
387
731
1380
1469
542
1179
1290
1499
1184
1468
1555
68
155
975
333
270
1073
641
18
223
1596
970
626
1132
985
875
1286
763
1570
925
201
1234
805
491
101
414
993
1079
1466
321
940
1253
668
620
348
1312
1758
979
1493
1256
851
1061
1072
1712
1245
1346
852
1137
1195
452
954
354
1474
531
1682
1198
516
1139
268
1181
51
1622
468
107
244
1471
716
365
382
281
452
1137
592
1166
682
452
965
1362
314
1317
177
1119
691
867
534
1058
748
542
758
562
894
1472
348
1019
1025
1529
825
89
292
458
1145
25
1320
1143
712
1431
1173
1248
359
558
988
312
244
1252
949
1268
214
465
1751
1003
1511
1490
532
54
246
77
530
306
298
1388
1122
1557
1449
1297
1537
760
561
435
710
1631
485
1213
304
1553
676
741
1150
140
956
1537
829
363
1190
1686
701
1175
1278
351
991
986
225
133
456
1446
1672
675
791
1736
655
157
1732
1203
610
368
1293
206
1539
728
952
859
1012
686
1515
427
183
1175
202
1500
268
877
1704
527
1071
471
860
62
425
278
551
1593
432
795
1399
22
964
1392
726
536
1453
788
1653
1208
419
519
1647
55
1643
1202
1167
877
503
742
1393
267
1603
79
1565
1104
576
1657
556
1604
1031
109
5
1312
389
1188
447
1516
1464
342
960
570
1337
1310
763
1046
934
117
199
337
1269
996
438
959
1313
1579
127
236
232
882
760
479
1318
1498
795
67
256
663
559
1649
1645
922
580
377
1497
1286
36
1519
185
1671
670
756
1032
951
1575
731
1265
1313
370
617
3
1170
1483
1320
1012
1011
776
581
1138
1186
135
986
216
1206
715
571
345
260
1616
1592
16
1250
908
792
697
292
1234
837
729
705
1168
1268
1591
1251
374
1322
437
876
528
549
116
270
1007
545
1033
818
1681
358
1027
101
1014
530
795
258
666
679
787
1530
244
1526
1563
1019
644
1020
1341
1188
874
712
212
94
912
1554
1315
147
1253
917
1230
1017
937
1118
407
115
798
554
429
674
883
1068
513
1248
704
1091
1169
46
615
1227
1554
435
147
561
704
1451
705
839
835
256
1368
1528
176
1597
33
1062
372
1422
1140
565
325
142
660
1166
793
190
853
398
1046
123
534
894
713
1461
930
228
1502
245
234
658
433
930
669
381
666
1254
1671
846
1304
1020
1188
658
1160
625
725
1027
1209
777
1364
465
312
1565
1359
1456
680
282
87
146
1277
716
802
86
673
1545
944
345
363
717
97
1661
712
642
1356
1483
1554
344
697
1179
1169
1428
260
886
1528
1234
1267
1145
1210
245
609
7
807
230
1164
1115
1082
1665
169
1191
526
909
613
40
748
1575
124
1234
827
1402
919
863
1373
1008
1306
210
394
495
1065
333
504
1520
458
1457
607
1374
920
12
654
196
743
398
1665
413
862
1278
1176
1556
897
1204
351
950
535
120
613
241
384
1177
954
1250
986
1510
295
1118
255
1327
949
38
493
1316
973
600
1521
320
728
528
1505
6
1228
386
659
82
1400
1108
436
1552
345
1321
317
531
976
1050
386
1391
887
230
1620
317
681
1039
978
1590
1277
1118
298
11
1387
898
490
281
1631
1306
730
364
12
1352
341
1547
709
1525
1131
1187
1505
200
673
419
1453
142
860
1485
1442
68
296
264
939
1487
415
329
283
38
167
1325
199
513
165
1223
915
1155
1242
1628
1459
872
766
1501
245
19
905
916
259
1261
1502
990
976
1629
1021
601
730
802
346
1341
883
558
765
1378
233
1024
1577
539
1042
125
1227
1596
810
1296
383
1304
870
660
1001
600
1221
282
254
1328
1584
575
214
38
3
254
393
798
862
1051
189
532
781
166
1024
1115
938
831
1001
125
1021
836
1251
1516
240
1301
1035
669
724
1094
1468
574
798
360
1126
1214
443
78
1583
1699
1411
93
192
301
1215
361
592
189
1237
851
771
576
4
1551
248
441
168
1129
762
1290
588
884
106
1539
1066
117
528
1020
480
1566
708
320
300
1363
647
295
1587
606
481
512
1387
234
589
809
131
225
474
452
1559
1650
1666
1385
531
388
1504
836
965
478
1086
61
876
391
613
784
1349
408
758
600
1632
209
1576
662
1010
508
1433
160
1621
1107
793
484
1058
281
848
205
1163
1601
573
32
64
35
1120
481
1211
296
772
627
210
1060
266
1675
484
1075
1292
1580
674
1145
349
487
916
1233
1418
354
1337
1661
766
1530
1326
1668
1586
927
1404
1021
635
1494
38
1476
857
1386
608
1637
868
1173
677
432
1296
1305
541
553
1316
1571
248
1013
1679
793
1522
984
764
647
463
1586
1363
305
443
189
72
944
836
1133
245
67
429
637
1268
401
490
182
1291
660
830
636
730
1123
596
467
1644
26
1143
463
435
1601
1397
613
1068
1001
638
759
226
738
1102
1413
1092
884
745
795
644
953
1072
198
488
921
329
122
400
1352
1438
55
586
754
178
224
291
323
5
1094
1272
429
1274
199
499
1383
1474
170
873
1046
339
804
543
193
1461
1216
1473
1592
1581
1253
704
588
510
1223
244
515
1182
1172
891
633
1010
71
627
397
1284
1370
46
586
1198
932
383
1653
938
605
1338
500
1190
1570
784
43
734
196
950
1158
1467
1288
81
8
1531
1048
314
286
537
542
1096
583
1483
305
902
366
352
801
1353
237
11
973
1025
1429
143
1188
1027
885
825
1465
1016
435
617
959
68
939
1316
369
748
659
1344
699
597
1471
1067
1588
206
829
606
1257
800
238
1208
323
434
941
721
1459
19
1227
225
719
1150
1378
320
1420
750
434
274
182
1453
986
970
882
1133
1458
1296
1402
545
689
754
311
750
202
1589
850
196
1523
845
1032
1083
1453
602
386
989
87
684
109
1217
1057
682
1761
658
1175
267
217
665
465
1528
679
416
1139
913
482
397
271
1384
1536
913
873
1172
898
24
1103
129
1119
676
745
702
1187
200
690
170
1229
543
160
66
832
133
188
1184
95
522
499
899
1627
329
225
1114
843
850
6
1314
1662
528
945
1286
540
75
1206
1588
1215
743
1322
490
986
1271
93
1533
1375
1097
597
146
481
1108
502
1390
1383
191
1198
570
1489
455
975
865
788
986
487
998
1048
494
871
1540
604
1361
231
137
1079
1211
139
529
776
767
1269
1214
368
1230
278
1007
1239
368
1305
1255
263
792
650
1515
890
1195
1395
1291
1405
512
713
1496
405
1548
674
592
431
687
484
1192
570
1151
1556
105
1331
607
1421
550
141
83
125
744
957
620
138
202
1294
943
1033
1444
1350
732
915
545
168
1354
204
121
440
404
1297
1026
814
1665
266
466
361
404
943
1315
1011
799
1361
846
845
1079
1263
1028
353
1423
312
1378
284
589
566
389
406
386
972
1501
560
977
1275
724
1211
1276
154
242
668
120
1176
274
1217
314
1676
780
132
1359
1692
1601
442
93
721
430
485
683
1317
395
1461
449
1057
814
449
1359
1493
304
579
1185
735
1256
1313
630
1168
796
1265
943
755
1105
20
26
1581
702
686
633
239
776
1571
635
821
1236
1514
1405
567
1467
820
393
102
1224
975
355
1384
679
518
843
639
1417
897
705
1197
962
246
356
1587
425
1504
1287
882
677
1440
837
1569
1286
829
167
1107
190
513
80
1631
978
1381
915
1387
972
937
651
63
25
625
1316
1094
765
993
1015
1617
39
576
843
362
14
1530
1107
1442
1467
644
893
1212
1603
1595
1724
912
458
756
800
1406
1077
824
935
123
416
892
577
341
851
1147
513
1558
720
1572