1932 1449
5910 95639
14229 89923
17026 71224
80206 6690
33437 42552
21066 795
96824 351
93560 92676
71309 50958
63741 5113
25525 52321
68872 70339
80602 68037
78009 90613
40714 91272
13809 31357
54586 84979
39832 86363
81858 28553
29416 57552
57825 93264
37513 58378
973 21425
92763 65582
26820 47351
88134 99228
39698 36845
54223 38013
3365 33431
58196 20
4518 51450
6747 1525
56508 66866
2509 54594
60877 91921
77354 62379
59074 9643
17975 74013
17773 28502
28242 69387
22834 4816
58137 43507
899 25191
98622 12038
98162 32153
23724 61398
54073 15015
51177 57762
51853 12448
7183 54170
99815 29205
89858 99043
76951 39742
83630 84238
23498 87673
76657 97547
9627 11836
66102 85608
46046 71504
19080 29706
90321 11628
26647 56910
80763 14712
41686 82273
5697 78684
904 61649
64082 20899
27072 10125
79228 62811
5360 94675
39455 87850
99741 29101
16561 56500
82022 5187
18022 85368
70709 16231
89825 62947
45180 20508
82617 90275
33040 7966
25882 40195
47097 52794
1217 68620
8187 7319
38335 6081
59213 22319
48847 56810
88166 69053
68244 16625
93689 8509
64281 39801
80154 85391
60063 99599
58740 90400
95169 2642
9260 7956
31503 95384
72293 47764
12591 45899
40950 19827
12897 93752
52194 14157
75068 48921
33468 20168
23046 55774
60950 37032
66737 67382
56968 41440
34794 75407
57323 98668
63115 46445
18894 19242
50488 97367
5041 65131
30330 53143
14625 30543
33219 93075
40612 62896
5902 71138
10138 59715
91931 34483
95432 38723
17114 15459
16383 59166
45861 19654
55231 89797
60984 60156
68642 79237
43761 35634
46126 25924
27795 97921
40918 57697
21645 36873
67478 59475
95927 91796
20121 77383
63251 28896
30682 38542
93849 31485
99643 26005
59650 78092
71388 31914
52016 15397
35851 87033
56596 47058
85623 58607
78785 99139
7549 75307
76750 28523
38983 15523
74405 17929
50064 33674
7234 96444
48396 20340
747 11351
15067 93695
94269 31364
38161 42064
73840 31675
47645 12054
12048 92809
99356 73417
20466 35155
7538 27960
81575 60337
52302 17435
37506 36963
33317 12027
26607 22787
2271 93307
60715 14616
88397 2731
50992 75881
8350 97130
31946 70008
94871 15219
112 43696
15042 31250
60659 53772
87283 41170
31683 79951
77921 26884
64630 71194
13395 77768
88890 79673
73653 57952
37426 92229
92229 10574
34808 72389
18422 35947
30409 61519
32307 78967
29044 20007
59329 77331
84572 82297
59457 65330
43907 44240
6772 71526
24271 67335
71364 76195
90728 70268
32286 9284
17238 54953
96704 77214
31305 36262
6512 96638
29175 8733
4124 2943
84754 78151
57641 97370
80011 6188
79017 40202
56207 76628
88218 12246
87506 29689
62770 17634
74658 85236
41784 85843
94360 8038
30056 54710
63915 48160
43000 89109
55862 69728
29214 56791
67248 66945
24398 72902
26424 13336
11301 31169
14630 71308
9796 6937
86424 43043
23758 58200
83106 10037
49168 32536
98351 53805
97776 73038
40869 87994
1864 16466
66720 14531
47486 17854
65144 84720
62679 55549
50096 9047
25100 73832
55922 82294
6902 57750
87956 56692
72577 20568
13489 14818
88371 26595
53270 88718
90860 55525
92917 20906
10050 86490
81249 42576
67558 44752
62493 67537
25826 72261
55765 7827
84318 53526
47186 83479
20117 64334
40951 78095
5579 8729
34948 52618
19894 42748
27064 47465
18201 30923
89098 76867
13918 58257
6495 94940
61844 78478
52643 33521
33972 81839
78596 34940
15866 50257
61699 21737
17235 97025
25979 61857
23435 19384
49808 70472
62648 13450
75388 3844
93313 13102
63879 53790
56586 34784
97013 78328
82901 29077
93594 54804
36192 22515
42392 63506
93992 44612
30024 26740
93616 25041
23798 52940
99755 7324
70119 96347
98413 37712
84741 75204
24505 67022
60163 84267
90842 79266
90048 71704
50734 67195
37371 94084
81313 90410
91654 5386
72895 43960
74811 18489
61793 49472
2069 63357
23160 77538
50493 91309
52989 24121
78032 78562
48 46410
4717 96412
74224 52968
58349 86579
98052 35095
26113 76465
27707 62491
66965 12241
57363 73461
5621 81358
36509 87764
97766 34661
33216 4685
57808 12953
56727 78882
49439 72334
24735 37447
50736 53082
87074 5646
73480 76024
91611 6524
83214 82382
41971 87286
33909 63513
32635 1889
52090 49980
9921 76916
43553 13924
1692 86661
84780 79800
9192 73003
79373 36281
19220 81890
35528 10279
83200 53983
13331 12458
92082 68746
65509 98340
64307 75450
19625 88934
31920 87116
92403 50207
45927 10749
12031 18811
63329 10512
72308 4952
16666 40671
30532 641
80151 83477
69533 81531
57771 61595
66806 28937
45241 7776
6001 49863
80438 90185
47135 38635
919 80778
52985 67191
79824 56615
62579 99640
10240 55182
69121 74755
51880 51553
96615 37257
35407 24840
67890 63373
66698 62401
28184 63039
979 15724
38859 69257
9724 13558
49633 1025
67650 56842
61052 54747
35741 34794
12503 75558
25231 71033
78331 77359
29486 23183
37623 96518
77924 51452
92789 72137
96763 95522
20662 95548
7520 88338
80836 51243
77557 84015
38988 57137
38734 37346
31274 64885
13397 5841
60622 60712
83599 78166
18746 5564
16466 68365
64729 45010
99071 2233
16316 35997
34592 90728
86907 7574
74118 96111
95620 16699
70377 10214
10673 80968
71072 97805
90255 92805
21535 68691
9894 91563
32047 90632
46204 26812
56666 28322
93098 87268
16229 60066
43803 90303
64435 77516
21426 82667
96481 36533
22373 90184
94696 8075
93055 52832
15036 25422
90999 78401
75778 70610
87588 64568
31118 65818
12918 50295
88266 78552
39684 61299
14995 33036
17384 27663
95072 98634
21833 34722
2914 72921
95624 22507
9508 23861
58444 55348
70568 54198
60345 41155
48882 28093
7570 4098
39751 91497
10151 9414
86761 38214
52332 3903
89012 91739
62774 3635
86894 10821
279 19307
9102 97327
22304 20804
58730 80858
31857 44303
78175 11304
7599 19502
29795 96680
86288 35963
478 49502
8501 22634
86290 47993
5536 30536
73679 53825
50049 12680
26143 69264
9651 23851
98212 58975
78220 6909
43733 82518
93006 41255
37918 85128
85284 46465
10811 35303
52662 32653
21622 58672
9977 10081
80308 73315
6673 86829
85852 81627
50529 31256
54610 5318
7695 25603
27536 92174
61665 85609
2683 95780
58882 21052
94164 64406
48356 83314
11670 63387
37220 3203
13390 18320
75157 65113
2784 13568
12563 24190
78583 95544
73277 16150
71180 42841
63880 73184
51024 13887
43373 63976
88155 99854
70095 65529
29350 53580
91702 92167
62589 41553
15475 74189
17039 91810
50307 75955
64221 11047
12789 47545
9672 89890
84186 1406
2280 41425
6560 95835
19008 67386
682 87235
60138 9105
4485 25120
89938 73009
24960 84981
72144 2254
78745 96284
59090 46768
2943 66896
86588 33095
75613 56846
50807 9035
5263 5970
83291 32933
17523 40632
27137 14575
39248 98203
81498 14560
81825 17304
83698 56088
21557 25282
22336 90650
14410 33479
46980 62937
66092 35813
9480 43899
75039 7300
94020 48732
71052 20866
23228 81551
65811 11266
95535 70628
60862 67910
68475 62243
70545 22784
57680 98508
27166 65058
57205 27958
7766 41296
30473 10350
95375 23277
456 62508
24788 38172
73775 49635
61592 24632
80696 71584
13563 6024
3675 66646
20813 13347
3791 63914
94035 67483
18300 11109
27036 47117
8549 21158
81504 45205
38200 15594
84291 1550
89647 48875
77591 73887
6478 29558
97092 79711
76947 67713
62378 55879
1027 84326
48323 25900
10170 40729
83343 45862
79562 42596
15140 37519
4405 48774
88805 7542
31622 32343
76296 83318
40931 9781
18395 52283
20791 22065
40144 38601
18830 54958
16020 89218
21582 93584
20797 60781
17195 5742
80129 70690
66575 94264
69810 99827
11194 76182
96154 93826
33240 74737
24025 82266
91466 1753
21560 45121
15074 30162
36281 75978
13645 75635
50804 35834
98162 797
70490 9449
92944 69640
9698 25669
3005 70282
32407 43667
52787 87267
37834 81575
6744 97773
87080 91881
68848 33593
69184 3905
83656 11401
77790 78175
18983 41601
33945 480
86982 40931
45533 3623
54293 78727
51978 42849
56078 48345
40897 13080
51814 35847
74435 35833
17663 55651
82312 25134
79977 4079
98748 83984
89070 68502
95287 31652
7075 51166
60106 91718
74482 87249
27623 50667
44858 23347
59206 98807
82042 18712
59834 17426
87402 42903
78393 59447
43318 81958
68238 74562
22051 41392
86336 89120
23802 98990
71678 47458
79076 21367
95223 73113
98680 32040
10092 31422
97178 18542
3035 60588
89202 3988
74827 2872
77800 3386
93108 46411
85852 87557
14860 78008
78402 53048
33054 7581
46885 60799
62087 93981
60144 63572
98844 96633
83544 38106
68636 70177
32255 11384
66594 45920
52208 68585
51012 13538
74174 24589
16248 28676
50770 27624
64043 21133
31865 15685
57431 61938
64163 68757
59820 14656
11869 15355
64353 94667
76483 58199
58974 55618
83744 4049
78501 4843
24072 46052
84859 20767
83876 90827
43769 24429
43791 29663
95563 40861
69558 73203
46711 79123
18087 73034
96736 2328
15075 33592
69993 33269
21845 87571
25769 16785
57586 27485
57486 34072
61041 2233
52924 70313
82187 94234
82978 14382
55013 3049
36494 34082
32818 68020
45028 40609
97442 11915
59350 77692
38472 77343
32384 77533
52416 59575
17964 56463
72447 98609
43287 16691
19690 45493
21839 36866
73699 32259
356 95982
21586 69209
84755 34635
4858 26406
14622 2786
89751 74474
26107 27463
92542 94509
2543 67471
40803 41805
15233 59473
78467 67664
77659 34457
60172 31255
8671 92408
37316 27813
68281 57184
23716 63178
96951 66579
43947 22761
69714 42068
57255 48497
445 34480
6770 14867
64905 63785
21195 79611
30030 92936
33672 92725
75067 82541
55856 55937
38436 48143
65047 36640
59885 1602
48765 14253
1592 24072
81960 77686
31132 52618
70540 36242
79077 3501
70109 71206
54401 21496
83919 51315
21921 76129
99057 54806
29002 48125
86855 93290
76023 98118
18946 91558
7470 38410
74244 68407
75898 82766
81354 32220
90260 43514
35090 77977
19854 83670
36289 95047
75427 54179
31920 39730
74885 21196
18101 67497
36328 22594
93324 40055
25610 39454
33556 49983
48010 96938
92816 86178
34555 8165
53765 80797
64757 58869
23483 64973
32309 56746
27484 10554
93960 97136
59363 77227
7373 71633
64270 76421
60725 5947
76379 92990
19374 79135
55548 46827
22884 15803
63526 56675
6549 79648
89156 19013
25658 39218
85481 41495
27829 2683
82426 21722
91437 81180
31629 16703
61969 31291
38854 84139
81942 26913
58505 21942
79103 56118
39093 29169
56505 87794
47871 16120
11233 68600
5329 16991
29365 8078
42895 15277
73972 47760
89388 81649
64823 87380
83327 63057
97742 38231
32999 52685
60749 81245
74570 67130
14429 7780
58231 46620
74269 68246
80161 61913
12943 53508
7046 48794
76383 31550
70084 6257
90986 34676
28822 92488
15031 84218
95957 86350
40523 49990
34184 42318
18850 65597
48903 73339
86157 5755
27379 32149
20471 52140
19055 55751
97120 74939
39878 40079
40517 31739
94546 4271
3466 44655
26130 86427
12376 16143
74943 37172
24899 57242
521 86097
59883 93334
53690 80285
58104 84057
25727 46268
40044 35645
21714 92451
77742 43570
39998 62843
36624 82479
28994 67763
60717 89405
38396 79947
36757 32694
87175 6544
24773 18699
21436 79722
97466 63432
74693 80595
14599 84010
37536 10034
3687 83531
1746 3363
12066 38452
50087 24225
46315 2122
14072 68328
21325 31104
87396 86626
68669 40761
97412 36045
57152 8937
39980 57695
28324 28659
51461 19895
28650 56043
87106 55487
79537 65128
58815 23351
88173 40231
52072 21872
41484 83855
99956 39638
78493 31070
40144 64036
59625 65434
67253 27909
43016 77886
5109 93010
40613 73737
20969 74429
14247 49745
8584 82931
4770 75265
37837 77423
14603 33605
1626 71250
46351 9858
68074 4439
29315 66222
4431 68807
85273 56371
38741 50289
33925 2390
21859 69740
19503 76086
64075 12941
81347 69440
52667 94162
84697 38074
25424 16128
83087 70676
96773 2248
55059 17025
90159 54995
10257 53219
63937 56304
61778 62129
34643 92026
52326 8690
68474 49303
72452 21596
61637 29588
64322 14119
90688 59438
5315 92298
57934 48036
42967 59488
38805 56511
43072 83846
88740 19185
27819 9757
82857 40037
33607 1204
76085 13865
86443 52150
95023 74842
61846 25272
91674 9789
28217 21716
80228 77950
17726 46227
76315 50374
70235 72984
87035 85178
79031 79547
34878 96338
48373 47097
69013 52332
33886 29401
94786 50095
16730 35970
43010 98017
12298 76264
38190 22059
39899 23826
32087 97443
22240 50660
25856 7001
93084 27432
90281 15445
96161 86660
12262 26832
64959 10478
25730 23384
76514 20297
77733 20703
21837 18072
67169 14401
38975 48251
76537 63198
98771 58238
99849 90709
68327 75739
54574 62322
98312 22895
44181 89007
78133 74215
80855 88534
19524 83310
97347 16779
69952 1388
139 98191
37530 41946
57636 99212
50197 92416
12267 56731
38197 70558
20421 84882
35160 64396
2886 45901
92941 9913
53224 12991
85820 8503
37309 58081
29510 86024
96468 5958
23362 88617
73106 57708
95530 46336
77973 67879
78477 31786
338 22355
43354 75982
50142 44064
97674 66374
65268 15362
1184 8834
89190 63478
16681 39751
64212 87305
52313 72361
75979 43112
93412 49284
32136 71582
5059 78625
31563 23189
5237 55472
38830 21867
30668 31445
98488 55289
52264 94716
94789 19600
57967 14769
52450 7845
64937 39324
67540 23636
92524 73225
81880 7190
35656 24517
25312 72208
21903 92854
75082 74503
70916 74011
90525 84140
19756 6594
33605 2287
18097 59718
40980 2211
12058 80286
28830 66315
20107 72346
72963 83495
62313 46450
20542 89738
61754 26377
79016 17532
66520 5656
10643 69213
24276 85202
99538 64852
83455 20313
88373 64491
666 71779
3204 72139
92964 71859
25717 74129
83096 99860
50737 72890
7622 31602
51527 21802
81877 86785
30743 89801
1854 4348
44682 47798
82197 35176
21237 57592
78726 29433
76531 47476
70501 7200
83192 51020
31827 88836
64042 48990
51617 8238
17302 7467
15523 36678
37784 22627
27575 11437
27999 63580
33269 14424
37031 61575
82141 84644
74882 48317
63490 92731
66380 51618
69548 5838
64594 45148
87745 35743
16590 49200
22612 54439
48986 51705
20896 12960
35102 21814
59447 29825
55293 24225
81754 63573
19927 46843
98628 66046
63097 63096
84624 3492
1089 49393
90711 20937
94327 36452
25188 72893
37965 90841
82843 7842
8401 79709
67727 94946
31549 89733
51730 82579
33170 40644
9585 13161
82219 75765
12964 40238
43259 97779
42681 73211
96436 64746
69500 34850
55698 24241
34761 83079
4119 33084
70980 3070
11075 57868
19901 47332
42909 73560
64175 94473
49099 23379
29459 70607
45390 79020
42353 12872
52658 80730
78376 526
45375 18589
77358 59012
53646 34563
60379 98690
45684 96289
72136 93117
12831 45166
11859 54733
18082 55416
7262 78637
62104 33549
68712 80297
29469 28382
36073 37874
1174 64727
82973 27212
38952 6288
12527 40962
55230 23137
76048 39015
3913 96433
9118 44957
31986 84559
46530 83133
10393 28625
2603 68618
60427 52399
84861 39179
71015 5004
25577 71
12026 72811
54491 51285
45562 87215
63886 77279
97303 98637
89131 3936
13141 68750
21389 76305
59297 77694
34200 67583
98682 58177
28856 28780
45703 58264
87051 10346
35037 27130
96101 2514
51665 48292
84351 98570
84705 95927
21373 73583
58178 94447
26860 66739
51567 90621
78408 82864
82515 66443
66346 70822
20237 1554
14599 80442
99717 15298
90214 59646
32480 82594
39770 44720
53516 17273
98786 1966
18882 8925
11626 37363
29161 39949
40987 34895
61675 1470
68808 73170
11313 44955
33325 86240
29806 9761
6608 56319
12072 37687
87772 88408
98840 11126
25367 60489
84581 25772
87403 28873
12326 63535
63437 7668
84359 65283
51125 42994
49271 24114
49386 33557
66163 29661
77336 23096
7179 14121
72552 95470
42999 35148
6742 77519
44921 83189
33437 43820
20380 64400
89219 47497
73862 46764
13389 36640
82526 93509
41341 67143
37724 84832
57096 16536
31964 28627
34239 5104
58523 92888
31209 88171
32497 19355
9020 89873
45388 95312
18643 20477
31292 97605
40293 24693
8807 6706
9944 6348
28624 31289
67924 41962
21554 41748
22244 70255
42805 80661
28648 86803
90191 95846
28690 16477
62562 11911
78119 72893
80376 79587
40611 16946
95728 58478
13988 37245
74204 13145
84212 53928
73172 92585
96077 451
11503 49722
9238 41028
68575 60058
51855 4935
48359 3822
1405 26301
28322 60712
33321 93211
41613 83509
86346 9106
48716 78302
53352 46166
77551 5663
71324 61774
45557 29510
54827 39346
63358 32161
45413 43995
32786 99240
94075 89581
70380 39398
95041 56891
79865 91822
86779 15842
68523 32667
6375 86530
56836 18064
37882 65985
85230 16230
61418 80280
72623 51599
1095 76491
70588 83644
49479 91871
98097 87394
22723 88694
18811 29528
18211 98869
42819 38519
80940 2058
3749 76713
19479 23119
24180 17499
41342 93998
95079 16474
54477 97642
77560 93136
55025 86812
47586 79268
25578 74196
59807 77854
85382 32733
82375 41427
27108 10725
15099 95526
69915 60902
39562 59713
39999 74207
74372 28878
85289 54435
11833 18214
54445 96840
25583 44977
91795 30374
88800 64194
59203 97178
7170 52383
61469 69798
76561 71299
1713 7687
60672 1581
97362 81538
31016 39561
70466 59166
7439 66885
90773 37958
24169 80425
28590 25684
84266 34806
33075 87626
51298 10742
27847 39474
74380 36492
90272 62931
75071 95993
74161 32659
35286 18356
48190 59434
7948 8427
46227 35965
85025 32252
48539 74701
21162 86468
57756 4599
74873 46807
21484 32615
17041 84103
47555 9018
84839 72481
24936 56916
66251 68350
81862 21938
93951 37262
19185 97519
61244 19594
68522 31757
52240 59998
29159 67409
63828 27974
17255 84699
41822 32134
89688 49397
75337 85771
2126 71503
27384 27380
55241 89436
33377 60563
30798 99452
68950 57796
10801 55880
69336 53990
64032 94195
54830 80504
78436 8402
77103 61390
23020 15431
97075 22131
49382 34295
89737 45857
77314 16488
74432 26949
28138 34808
69344 18091
60468 13006
88994 31287
34627 18153
12482 91109
24629 31459
14139 18763
59652 48152
69724 72026
27894 99354
20229 86399
92993 16123
28830 40475
42734 94105
35253 81782
5251 75349
48187 11131
50665 75520
2269 31413
64669 64560
38036 46939
40567 70443
23683 45295
9635 29055
6164 56568
35304 23876
61868 75966
57163 6192
68020 82576
55247 34274
10383 23038
44745 54589
33077 68511
83089 68019
48815 65788
41403 80380
15269 87750
14988 15519
21704 64516
29240 10741
36354 99220
43898 53104
90884 3135
23697 81678
85088 83135
28542 20810
66791 14133
36705 43593
47692 81521
10633 1121
55874 73546
66430 68701
21438 61773
95418 10125
3323 798
61015 22976
46936 70735
73837 43785
85488 16568
14913 9617
15916 34938
99189 14920
660 54898
72418 5737
26280 33574
26625 7314
17777 71305
20906 11036
40261 3344
36946 85814
38532 26673
66088 67148
93036 85439
87156 49068
21000 4079
9080 38778
39530 41588
78186 26849
90097 13438
69903 6700
52130 97034
12274 64513
6383 7571
53494 31169
29355 3183
30182 39749
13845 23755
49621 84479
75900 28827
85876 57929
14555 50266
6747 33240
44868 63201
97802 26661
93170 61110
9629 14484
70382 4941
41980 46436
55620 13598
59027 43825
25824 25500
56365 25478
2738 28720
76556 62461
59970 96639
95762 43376
5686 35856
68746 91458
25239 14742
80904 97815
4304 86642
77018 32459
12183 33907
78103 24728
58154 70022
16771 75276
13627 67838
84601 3443
30352 74296
33294 29345
78977 44322
981 69309
26835 80421
87661 61655
54923 93413
44449 32497
46067 23524
72217 86266
49242 38361
5132 36910
86677 30699
59381 30010
82314 60788
93234 58103
11138 11375
1727 60438
24465 36341
1342 76188
57166 51600
84690 13844
84463 3426
80098 5271
67560 40193
5372 40651
7177 69435
28327 29348
34985 53003
53766 50585
36145 83684
32268 72115
36762 43094
44749 36113
4163 35482
69198 80537
71499 95352
31829 73899
87731 54783
3990 706
74075 12509
11501 90838
84881 36401
41265 91821
90900 51535
98284 40550
80717 34758
89294 7310
15697 81640
97747 17717
79723 68003
96362 97091
25323 30947
6425 60407
83138 27777
76128 63014
31707 59163
44563 7675
92246 89123
55137 34770
81133 73912
9072 83150
69318 39214
21966 60347
5997 63351
50104 54774
41725 75458
66253 55092
52464 62633
21870 91542
93344 6821
85574 20660
84810 87521
90062 16519
19473 6167
12015 67040
3905 41295
43971 4519
94590 40842
13679 7077
72309 58344
35049 6307
86243 47720
39405 98713
59212 46651
66447 34137
42003 35929
34655 93163
49591 19503
48228 22690
3188 49814
54927 77217
62064 70637
87318 26664
71252 45963
59792 96217
17040 46280
24004 45511
82194 99923
84465 42288
57516 91259
34825 52510
19625 43115
26879 6489
82573 31411
24375 61825
44236 95733
92211 53314
69972 68102
57070 14535
77105 88657
42163 8009
78645 42177
14779 25615
87060 75414
68161 26009
8321 57503
51040 54344
18338 49917
33812 49062
75588 97841
50754 73374
30968 57830
9591 88702
54521 14412
71211 49115
77863 77145
82963 76321
25404 19398
20431 47070
63384 7564
56886 47690
85951 23359
44176 53414
63607 58884
47204 61902
77870 83031
4940 68559
57173 26138
40312 66631
20117 80128
31522 93560
12555 93160
1436 86156
91207 4695
43128 53904
13680 32727
85712 74941
39842 26434
48568 50220
7540 55886
23464 84113
25080 12331
49496 60714
52166 50321
356 93057
53672 80862
35365 39445
11172 64741
22063 57770
8648 20752
94538 83204
4372 48547
86029 77259
7479 65638
96732 21227
67331 22202
58308 16876
15557 42505
63927 49298
58166 17724
86828 26096
63361 26581
20152 56560
69520 53821
24659 30221
75436 60733
31494 10944
1420 8031
85135 58438
20231 57030
7847 75861
62887 14674
94908 60981
53740 41038
98507 94388
14094 90684
42165 88914
64495 22695
25592 41912
19557 73223
71846 87775
79590 60542
44101 4492
90305 47656
13654 27258
5657 61353
10985 92115
14204 55027
33231 89417
79698 49807
78541 98327
44328 7732
57945 67807
60829 68432
82103 14404
25385 87210
12052 72648
52684 76122
272 34931
51970 44334
60095 88920
14170 10383
30930 81701
58843 76004
69057 22051
5878 56828
85016 91456
39751 42096
51526 63692
86606 63747
6672 49812
24098 38348
45064 17205
89109 73949
78028 80703
42663 17645
72721 62702
81503 99193
85179 46813
54235 48545
81856 72479
90818 31607
12064 93552
94102 60836
9291 92298
90408 31203
1069 8155
85894 45672
67473 29010
39447 67286
57047 1941
73088 25171
6737 26346
4269 66591
28262 86697
82480 49549
25812 16465
51071 72336
43559 75064
91579 97299
46914 29417
19858 25826
86575 48064
37160 65854
47930 15538
16279 41839
32563 19001
71686 9951
20757 26796
3477 316
26904 49082
94329 71399
83644 9241
77384 23777
94416 8734
44206 40462
35761 54302
58423 61293
64672 94880
36710 89153
47079 15367
20520 7279
60269 24874
6979 34843
86521 95996
48771 54877
25129 34543
82778 53141
13821 9599
41603 52747
98860 96911
11225 85875
48601 77514
23463 45398
36640 95442
17289 18276
83658 70718
34572 75046
79425 87183
59515 29886
93861 48456
44288 16126
49732 11853
7078 22202
30275 78732
60249 17889
22181 84250
96201 81698
6620 99111
91352 756
17588 43559
70688 35714
34735 3879
22471 32214
64885 36322
89553 70945
51432 41147
61973 32954
19015 12643
64921 12095
88569 15891
25657 36499
39293 75165
5816 70817
41209 77813
41577 96885
51740 34623
63475 5767
14419 18978
89903 66411
59139 38008
32651 41834
28532 36952
46998 14580
57628 16263
67207 84368
759 46236
56520 60847
23402 99106
98875 6756
71404 35119
54236 80406
9841 43823
90840 40007
23075 12392
7915 57672
86186 91563
40673 34618
81844 81580
59397 76358
39759 31673
32335 63390
86040 8160
57260 37139
31594 43440
83724 40029
80984 13130
96694 5114
59712 65531
54535 36742
28840 39425
3319 7042
69103 47775
47624 91695
13943 8988
94031 29895
86235 28658
14862 43140
10133 23316
50615 5641
21340 21038
46305 60349
63772 15275
50554 83195
22726 30383
69054 80440
82312 29756
94832 82959
71942 28218
15466 54960
5636 77407
42665 87771
85571 8169
80434 1467
4248 9187
62173 49156
