621
832392 795922 644700 18785
579040 713333 285884 586385
677312 935232 593566 945146
978629 88343 540394 69249
681875 798910 603482 982435
187718 743198 921917 206803
52657 591462 930855 454418
505665 839598 998367 823798
159658 298101 123517 420043
30163 726129 680999 25704
470900 847725 50999 885154
568511 904282 154629 771627
807427 262293 864574 834474
346438 84882 36062 185531
372580 479307 836882 410013
943262 337569 151817 305489
302917 725275 925423 665337
102163 150759 535882 17674
253212 960156 660543 100946
913056 182338 426344 362227
894630 962091 451017 482995
40943 445377 735629 997785
120384 895932 427412 943572
514843 195256 238388 442030
349249 690130 939375 638880
22152 785781 295412 449019
921985 235555 576788 306319
356907 258547 941653 823350
482041 461842 597524 888635
577967 992049 202790 753967
845021 927004 849474 344674
65633 90619 936697 862139
426243 142372 222675 27566
714445 137837 845450 854467
495459 752885 45012 165709
374987 672443 432481 334953
911251 601391 208157 874644
845029 425736 816542 752975
957681 673555 682210 450611
573254 340310 271090 102262
438732 319754 671944 973830
699706 867859 808614 434191
25991 700168 954135 682558
429189 639802 232271 926799
468973 139073 925668 840027
942047 596123 507505 587667
332597 228775 361289 667471
310564 603897 644833 328607
483106 448991 778119 154799
157269 68715 185778 527107
248027 301108 89850 29653
576011 109048 102910 626853
476043 511667 607552 407978
585423 987380 786990 469635
760212 425098 479076 927015
174248 290865 293759 138508
175740 1574 751464 828592
333683 397490 387303 512504
398752 677867 513115 967066
84159 874064 438563 624544
523510 769939 53605 577153
389531 181206 539048 843707
242177 451115 552288 858333
479219 340477 30641 706412
326025 284229 593794 269093
966339 667109 165425 606325
702087 355873 123047 452419
787303 257874 427336 504162
539020 632838 428716 289194
65030 655636 588188 481137
118582 277295 408278 952957
843767 814382 323318 779026
325238 822176 745273 999109
94271 374554 554415 755612
233748 627413 337964 366723
405296 487337 496001 625901
483113 969157 248413 122828
344160 669650 26474 687608
570530 266628 787055 241655
310870 612139 843378 67890
921213 749694 245291 621201
892095 900107 299664 190601
520310 959270 626589 619961
732205 86922 437327 79077
670991 926878 554950 548877
904787 411979 989818 946488
47639 605627 422874 376603
441068 720533 1382 89293
161505 683661 640551 40746
784939 540957 346365 639248
822162 606124 494101 87912
710515 689526 423297 327944
732340 617600 803699 463026
187806 970107 246566 120226
697217 555866 353656 840723
249842 278449 345672 908103
110579 527241 885467 16690
142849 465869 747499 705540
942124 552037 853867 157626
131929 378353 628997 809749
408048 473197 498270 507148
201759 143764 868784 701874
495646 887049 43327 19377
179341 994405 326872 862925
411473 108066 507285 236426
922504 302362 889502 167093
881990 583757 509173 943704
294541 998046 404317 9280
47727 195928 512632 736994
214361 628457 542154 203617
636971 240910 493532 84695
439852 665314 351368 796836
949045 263979 974957 410475
672464 415220 800107 754760
739025 810741 23200 389457
148816 88348 93536 541643
800993 31317 351833 618149
955055 339641 153711 463309
846389 538551 150746 3782
615855 134753 59822 887111
909063 288840 309356 872383
945384 582963 839066 717630
183527 328796 864443 390005
509717 579230 978095 304180
412819 991270 18373 428202
236521 898597 72499 233661
987033 979338 203326 781614
303108 955680 541426 181580
898517 7243 421695 648336
761074 783293 989800 752978
307892 171746 216862 569458
545871 256775 179061 715128
443270 825288 102563 484361
828002 969201 482757 607450
851768 828968 55092 391489
240200 728467 429843 931238
278772 353387 372804 918221
939227 877674 317297 407039
266579 922242 149964 871247
832672 604798 467217 175772
778526 312837 579451 502506
879093 291335 447022 354555
290357 317877 714538 413826
553830 568839 755655 29540
277119 598284 829385 364671
606886 989140 712586 419461
392803 797766 231967 469736
581310 13996 634208 946892
837973 259668 974137 768632
296505 607621 163510 893748
754639 598684 733970 589425
787593 969745 308134 414122
774452 799560 503509 617879
156823 634701 334827 485985
742026 235583 674642 597054
801784 842934 648737 865082
725383 201079 190405 102806
443415 624763 715845 854540
888308 878995 472649 190405
562132 311383 815625 395100
569568 548377 523476 648572
473061 248152 431445 946646
782099 205092 61735 64700
280800 408976 368762 842832
61309 214712 523157 815469
848130 452879 706198 323558
451929 950051 489920 183045
40443 453663 673360 719607
908154 817101 868290 464426
508897 475682 390823 290826
969531 69547 857710 995921
812203 531097 857040 612341
768 693495 279703 926281
324399 678739 494052 168109
333660 139478 640984 979261
377407 914156 539841 506369
971387 184657 645623 606615
859671 202325 300882 113141
956525 1767 835894 975332
613463 138398 74733 641883
523674 132753 419333 502019
666627 342271 517259 693508
43938 408084 443791 804733
977881 232587 606691 915237
877362 427034 530763 156086
321909 908830 836769 744248
218134 359073 265298 543582
810261 555196 684046 684362
878627 296151 292951 889775
503865 461700 374921 371959
904872 689857 605125 600771
72881 18852 126217 408027
757705 43150 474046 78587
765457 965525 178378 629222
884652 419156 694090 242604
567688 612487 826799 150600
264054 902089 174476 572209
859141 903150 974066 916056
633574 440590 114249 40234
960161 629809 109159 161125
14810 446235 964954 430340
348035 642161 607870 626749
961017 868764 235868 264234
192844 569754 847210 887143
706852 103340 208958 667321
77774 431119 732619 39158
355272 201958 531944 539270
355197 876340 643376 734457
514658 523267 333503 983338
327230 485800 833819 153529
895647 248675 671122 862955
630801 883590 989336 515618
380076 46363 672325 243095
850476 66546 662416 84320
426563 959592 604298 845502
649006 385977 865754 794045
745138 34509 817454 793553
396477 12860 528250 916558
389245 738616 586595 245703
265294 319836 973385 181590
619819 342279 111354 514650
503298 694176 569788 872668
594625 384843 729458 274907
352035 904206 152793 291531
361712 905992 2686 954074
589764 527911 268250 377686
923446 60267 348903 819892
310200 981649 559060 741929
687174 743908 537139 413254
187194 893410 35387 944822
11979 899247 591788 337187
948632 765495 218782 727556
61976 906383 649496 196142
125915 570149 248020 36047
277997 706607 945801 804014
552680 56137 356096 437651
711531 753441 448333 459312
801984 267077 636996 899854
966383 677304 125571 971817
797153 120165 435903 947700
536912 77120 393479 133922
766736 842435 636271 729996
380186 900292 754683 347738
852793 925553 199284 57755
299229 111665 906891 826771
72635 474024 355604 738978
279040 632140 574561 58393
720732 552732 910797 758286
713158 992641 785379 849622
520320 951737 980316 397085
893222 947903 520853 221096
600410 507645 634833 928802
130540 118130 311591 988843
476078 772373 165324 253536
876864 743207 959495 307658
100521 477936 127133 68852
455173 334258 497262 741944
541732 706201 922051 698139
738062 34935 41842 651237
97184 459638 346241 397366
415254 346132 823896 968742
163026 863789 114139 190749
871518 341822 465633 516721
262797 935456 692686 822139
231755 350167 121060 901399
861358 20916 184619 981151
757563 648069 915928 796571
31734 509182 516106 795158
468698 174189 763668 886225
725324 814157 732348 140805
993698 6681 269740 755238
25940 779907 506106 572422
771475 24663 760452 342704
244820 960426 764876 414398
408802 464041 871949 283739
53404 223692 444366 131868
955389 679876 526464 160905
560638 386253 115702 417438
728440 870869 921578 78801
804870 948106 105697 396621
142909 538556 710611 106722
448038 731475 886369 131688
983331 177658 814393 293182
541057 384697 824139 18677
452159 141301 226994 537994
308303 225671 61119 310434
466745 28735 546052 397963
804447 887203 880778 743360
409316 168836 191301 262944
929620 237044 797148 723453
48227 105004 554281 956871
732536 620545 443454 200316
754920 235668 309653 869618
854902 224164 141525 262345
943320 865589 776864 586567
170842 390087 45915 345056
336225 272795 621418 442286
611927 745866 749853 493283
377751 313640 507308 449008
770184 775632 411501 538803
706776 763006 266535 300044
291466 840295 240977 271091
463296 303345 161007 27356
981758 118553 182323 282862
349700 123995 782744 862953
60767 94084 619598 954685
59269 604929 460857 259272
740705 82739 870858 444748
649082 117081 778107 65006
556610 756312 810822 117347
35256 551319 956276 916035
849639 638925 914340 719565
141250 328163 920217 662160
25458 334728 38340 709964
140095 383638 303782 673506
839682 655837 922052 336885
923664 637885 626137 871820
464049 274427 423326 951423
85510 27494 636097 735053
933304 215230 50238 591048
807523 554438 167449 880630
72676 903864 671033 390740
105903 286775 567652 146059
158674 437739 193911 297955
231018 159387 507304 194677
639964 479942 463028 843699
871182 618329 185622 705142
310078 370178 443643 595694
72054 665516 551952 11353
170386 762474 543273 848022
618359 444627 28082 131786
507674 347656 979229 512872
754205 31403 82881 161866
238718 817534 366935 740890
14602 547687 931611 956591
233139 410985 533108 697499
782510 289529 218110 848536
968908 700746 72218 215902
659049 868509 234940 665179
952002 309964 416304 675949
6574 491177 279633 495065
94114 380004 317614 421104
105209 524278 955106 462146
858454 332232 98234 360526
13193 378974 620634 868677
678884 866066 264 278414
914947 95560 732888 437281
562811 894401 714445 52216
18131 332659 157029 678984
437800 714063 884527 860872
549628 972186 231201 875592
650010 549396 838818 831220
177206 130675 758113 35820
609703 420696 39239 902933
417911 418159 297540 415222
491484 644533 194449 809405
147865 274356 718240 313076
773801 801163 554185 865754
449015 820764 833679 243575
145119 434114 778328 126643
911569 318315 460005 516786
591100 900584 237806 814954
551008 187737 683806 83482
561201 63117 559198 403192
840942 248717 992885 884285
842942 827254 529666 341162
840571 519300 497557 711961
948438 932475 911061 35655
75546 620422 421923 237493
61555 707630 889159 780239
239416 27106 712222 815514
699971 509209 239260 225997
776339 206219 185864 194725
60270 487241 49646 414125
384226 812345 656780 33793
694496 71436 937534 708083
554672 908030 334045 741653
139324 172653 735904 474478
837885 41882 516820 175507
358556 363012 353963 8784
661153 683944 150710 9483
676988 321128 975693 902665
400993 16834 287373 814693
820219 63218 89718 587520
580199 698210 607717 756635
604794 228401 699945 179704
467951 649719 668310 897006
376031 331026 854883 150704
279547 704399 917879 308038
456853 379759 514081 836331
287027 773248 641757 503096
368599 576962 937320 971413
91907 369130 905148 301431
106849 555472 301227 299018
616066 992473 170921 890588
83555 112697 821456 572122
258899 342824 145299 711141
472957 454765 441592 849899
245270 706660 540172 726260
882822 686966 80598 909154
435391 538322 441394 3901
643311 964198 166484 927880
141498 867842 913896 694718
570311 616482 46420 546997
810911 127297 975040 341748
470809 105592 431701 687651
241590 543213 501339 861779
824615 478742 111360 101149
274713 453042 29827 356090
817293 795144 141752 454315
615736 348232 761017 840423
453941 410211 290345 589242
179457 825647 877972 775785
846897 431478 237914 55028
150789 514927 231914 349735
92349 885095 396503 299993
700864 902770 287598 885907
797783 607398 370706 857937
253944 545488 969403 282840
701533 156806 64396 127832
162734 423352 99124 670897
837668 600099 358391 992265
949210 314203 607387 532995
302081 584187 274460 757666
236404 882792 904904 757415
248857 131005 482176 452814
2737 663887 957855 866807
573887 15860 877213 661850
221820 203317 219993 903785
910846 400907 150765 826402
704315 856426 427052 146824
891161 606215 8054 221492
170370 249535 156415 300147
459963 959248 558989 294797
203824 900907 520978 549289
140150 552368 500974 981656
614672 819037 608333 193773
446644 64979 957202 384380
442469 627257 426325 791836
227761 755062 568199 934824
519222 894791 193056 233210
297157 779210 72323 309240
215283 269528 405725 365688
559538 198137 857389 560169
427253 912269 760334 201921
681926 88988 996051 668257
562003 618769 991406 633846
970009 23812 578191 797149
53805 940999 944363 288609
104551 833072 658552 304854
121227 953363 796543 188533
483276 774189 425468 132658
612467 422449 614546 618657
514255 996974 935794 778335
288686 725359 552560 347918
393550 916004 647329 372257
714463 313201 200049 169421
136196 341208 223049 481942
628448 185552 432290 641991
111739 12314 645289 43150
804138 363076 710490 499284
223217 246792 121187 416275
834103 136483 507206 24742
29017 501994 514791 965029
394735 35570 603180 389463
13528 473483 972941 470522
98145 976272 252798 795239
262873 737920 877429 914773
649798 986979 336195 850618
563955 272289 380700 43141
243382 698228 196069 133787
326266 391667 948007 344208
287990 710974 397750 49883
133464 498876 204889 690941
433344 578560 266192 313816
903785 988516 860384 89340
803710 251933 79165 97203
500266 371711 270974 107312
587815 997424 682081 912356
316697 459048 594358 235404
777746 713917 189317 962575
391706 173230 229317 566339
100372 33048 843691 804998
539832 155357 548336 891577
276484 240478 12709 407637
641992 480743 511677 337481
263063 448881 229570 305485
639399 644859 791659 484085
768192 222249 142179 196514
913894 168487 68303 580988
317300 840530 881292 192108
100696 606782 660766 265800
73960 622081 298242 255937
851368 712440 430707 107279
852099 194744 656583 125281
625142 657028 654718 229607
935509 108837 61248 625970
38814 136371 694826 475666
522856 892580 253070 898050
201854 257781 8307 484765
706559 813841 817404 223764
567952 796627 19672 333508
927353 66798 486153 965440
518147 857076 931571 308506
621764 555632 31680 215287
236311 829931 520457 534283
408672 664266 999881 224080
975827 203400 283468 620589
859744 452154 97367 869661
278920 235899 146942 204261
103811 85657 870084 764850
798053 532195 678563 735047
669118 344924 399598 784502
323345 808035 771096 743915
443574 216047 912069 440374
117914 152154 793366 185480
305812 207868 921835 906745
445567 181966 31994 331518
298144 216419 371920 435486
702273 137895 3136 993046
470985 387136 603115 412869
505473 228214 29518 145468
872995 393499 77525 203744
598526 973563 133426 412568
331421 270496 354647 475851
637304 991619 4189 800083
457927 768510 984513 77168
388556 639510 927396 820684
379733 353388 146113 803881
475585 583992 421821 772244
321847 500007 673521 676415
211395 4599 259154 723364
674006 83909 221670 59912
228228 636398 403241 488367
496285 890692 74267 642675
598399 394817 284099 148883
542499 867832 21977 282238
190273 217242 445307 406425
598126 83804 631328 109425
506638 761010 903830 305455
36207 959362 146039 418954
725058 396439 601554 281353
124359 58748 992852 36725
192258 867464 72557 466684
139813 954011 650662 235560
649847 15687 828418 800303
684716 419458 271716 20051
313190 883281 688569 300221
698704 204924 936750 799689
273884 891148 497414 113282
43247 637274 782276 98899
951240 838003 181612 932384
648811 455549 78356 151471
630675 315904 351884 528609
83072 908537 56968 429303
62986 742597 80493 525233
367563 402144 135526 11155
804387 137947 80468 471083
117330 982927 220439 359126
555485 149594 288410 912315
503957 579540 328732 279558
981140 169671 63018 785257
329449 996144 541290 845393
524299 199850 573663 136874
361436 316112 642401 451012
630946 467147 701809 596658
218827 564414 527025 553001
155256 506812 724544 599595
948720 232502 128994 446333
170915 988678 213564 186688
695741 42298 598960 163513
885175 257016 59132 332429
546035 460127 795248 975219
47057 753116 214133 109977
181697 828102 764097 797528
841491 961174 817754 478584
699736 841720 540217 529464
823107 992557 38312 647976
448001 159203 704647 99533
871719 798517 58325 726787
119982 410860 44976 591190
391534 132763 450272 440061
76690 15693 518963 97230
868814 41340 860888 361981
62345 966913 361003 611195
154149 494466 763630 826382
664627 724309 831809 192072
605973 472908 443265 991548
959618 993527 976420 16632
57560 36565 265446 30302
525334 106353 426064 69937
629728 291051 685914 29655
22317 116775 467601 705132
120280 926038 27757 19986
942997 271437 830710 198316
133027 582645 924403 263038
629402 677872 421576 897683
357510 100957 527494 276815
960283 99900 273935 720316
781300 26160 564489 891925
316841 16314 437509 206263
765583 712889 404203 93659
300366 953618 746820 950928
710997 758827 470139 641953
665755 858658 165371 334890
693858 230416 457514 179417
561727 591800 746594 474826
571114 992479 274421 997989
339761 298255 309875 578818
477665 903094 319498 138915
815475 671134 295800 425682
664943 478487 824600 262234
688481 685595 592351 552132
159135 996953 638205 530319
89433 612194 221031 91293
556971 475411 298251 215662
513975 943185 20290 804618
835997 373744 367494 39485
723951 640373 103112 301610
881873 199622 956080 33492
649501 384287 18110 133772
